so	1000	0.001334162	0.291680674
so	2000	0.010484716	1.196444228
so	3000	0.030397961	2.789614961
so	4000	0.062880421	4.820989258
so	5000	0.130313357	7.887499241
qo	1000	0.002547820	0.011188756
qo	2000	0.005619110	0.018454293
qo	3000	0.005742943	0.032132200
qo	4000	0.009324426	0.045057273
qo	5000	0.011631101	0.054347816
ro	1000	0.002490547	0.008344501
ro	2000	0.003475319	0.018475818
ro	3000	0.005519572	0.031028151
ro	4000	0.008926100	0.041828684
ro	5000	0.011845227	0.051658843
rc	1000	0.002330835	0.008151366
rc	2000	0.003798108	0.016881726
rc	3000	0.005308012	0.025143630
rc	4000	0.008337427	0.030092043
rc	5000	0.009732033	0.050420833
bo	1000	0.001953362	8.565592574
bo	2000	0.190798269	37.713050008
bo	3000	0.339449440	91.154830140
bo	4000	0.475846243	175.847954630
bo	5000	0.668870673	280.042238559
