rc	100	0.000232989	0.001019372
rc	1000	0.001275375	0.009610773
rc	1000	0.013568317	0.008679216
rc	5000	0.010873624	0.048668467
rc	5000	0.047166063	0.043636167
rn	100	0.001100545	0.000464807
rn	1000	0.001314028	0.009307134
rn	1000	0.003561997	0.008854700
rn	5000	0.006764748	0.056750048
rn	5000	0.027722534	0.051811585
ro	100	0.001676276	0.000484065
ro	1000	0.001334531	0.009934797
ro	1000	0.003163496	0.007750311
ro	5000	0.005827328	0.052233503
ro	5000	0.018778795	0.059492254
sc	100	0.001476395	0.002779532
sc	1000	0.001332964	0.284362467
sc	1000	0.015135597	0.277124225
sc	5000	0.015127732	7.178817901
sc	5000	0.169204963	7.259389315
sn	100	0.166095883	0.003106500
sn	1000	0.001498156	0.290840010
sn	1000	0.009157475	0.310651263
sn	5000	0.072435303	7.298576802
sn	5000	0.166830599	7.122894309
so	100	0.001668592	0.003002953
so	1000	0.001336755	0.291773413
so	1000	0.010768643	0.295797625
so	5000	0.013426333	7.588380929
so	5000	0.184680458	7.457027266
bc	100	0.169996790	0.024959873
bc	1000	0.005971258	2.550377387
bc	1000	0.079288332	2.717956150
bc	5000	0.067806614	67.945863426
bc	5000	0.938499789	66.264667857
bn	100	0.843811133	0.064225998
bn	1000	0.064937842	7.451800693
bn	1000	0.180681223	7.506886269
bn	5000	0.165788622	194.548689500
bn	5000	1.138093929	192.601544138
bo	100	0.180598499	0.065805543
bo	1000	0.012119846	8.173899191
bo	1000	0.193903094	8.583629433
bo	5000	0.218884730	266.430636133
bo	5000	1.143970275	283.794384845
qc	100	0.001508020	0.000630732
qc	1000	0.001377554	0.008450322
qc	1000	0.003792879	0.008859164
qc	5000	0.006195560	0.056534002
qc	5000	0.056627470	0.057532159
qn	100	0.001485015	0.000489164
qn	1000	0.001293193	0.009073258
qn	1000	0.003602315	0.009164430
qn	5000	0.006742556	0.058479020
qn	5000	0.020044832	0.051407682
qo	100	0.001630791	0.000505725
qo	1000	0.001364588	0.007853235
qo	1000	0.003112901	0.008396251
qo	5000	0.005948637	0.058145422
qo	5000	0.018865018	0.059375905
