qn	1000	0.001128834	0.357145603
qn	2000	0.012932883	1.383983333
qn	3000	0.038101170	3.122697304
qn	4000	0.080026219	5.807509035
qn	5000	0.147090108	9.105262378
sn	1000	0.037768409	0.332440596
sn	2000	0.324824759	1.436850013
sn	3000	0.047998404	3.365819275
sn	4000	0.075490730	6.166933167
sn	5000	0.081676175	10.727301230
rn	1000	0.185462380	0.480791229
rn	2000	0.011988698	1.843876824
rn	3000	0.041958104	4.363538405
rn	4000	0.093129472	7.896502117
rn	5000	0.167126491	12.273083526
bn	1000	0.046802375	4.006333193
bn	2000	0.062616910	22.175690847
bn	3000	0.146214427	61.604228095
bn	4000	0.276962706	198.952452121
bn	5000	0.694444510	343.121752596
