0.000070683 99892662234384
0.000072607 99892662233072
0.000072937 99892662235696
0.000073068 99892662233072
0.000073198 99892662237008
0.000073288 99892662235696
0.000073408 99892662238320
0.000073498 99892662237008
0.000073609 99892662239632
0.000073709 99892662237008
0.000073809 99892662240944
0.000073909 99892662237008
0.000074009 99892662242256
0.000074099 99892662237008
0.000075642 99892662236704
0.000075773 99892662232768
0.000076324 99892662235696
0.000076444 99892662234384
0.000076554 99892662237008
0.000076644 99892662235696
0.000076765 99892662238320
0.000076865 99892662235696
0.000076965 99892662239632
0.000077065 99892662235696
0.000077175 99892662240944
0.000077275 99892662235696
0.000077376 99892662242256
0.000077476 99892662235696
0.000077626 99892662235392
0.000077716 99892662234080
0.000077897 99892662237008
0.000077997 99892662235696
0.000078107 99892662238320
0.000078207 99892662237008
0.000078307 99892662239632
0.000078408 99892662237008
0.000078508 99892662240944
0.000078618 99892662237008
0.000078718 99892662242256
0.000078818 99892662237008
0.000078939 99892662236704
0.000079039 99892662235392
0.000079179 99892662238320
0.000079279 99892662237008
0.000079379 99892662239632
0.000079480 99892662237008
0.000079580 99892662240944
0.000079680 99892662237008
0.000079790 99892662242256
0.000079890 99892662240944
0.000080011 99892662240640
0.000080111 99892662236704
0.000080271 99892662239632
0.000080371 99892662238320
0.000080482 99892662240944
0.000080582 99892662239632
0.000080692 99892662242256
0.000080792 99892662240944
0.000080922 99892662240640
0.000081023 99892662238016
0.000081173 99892662240944
0.000081273 99892662239632
0.000081373 99892662242256
0.000081473 99892662239632
0.000081594 99892662242256
0.000081694 99892662240944
0.000081824 99892662241952
0.000081914 99892662240640
