
1 0.000000571 0.000000000 0.000000445
2 0.000000451 0.000000440 0.000000000
3 0.000000450 0.000000000 0.000000425
4 0.000000461 0.000000000 0.000000426
5 0.000000471 0.000000000 0.000000456
6 0.000000491 0.000000498 0.000000000
7 0.000000501 0.000000441 0.000000000
8 0.000000491 0.000000471 0.000000000
9 0.000000521 0.000000452 0.000000000
10 0.000000501 0.000000441 0.000000000
11 0.000000521 0.000000448 0.000000000
12 0.000000711 0.000000507 0.000000000
13 0.000000801 0.000000501 0.000000000
14 0.000000561 0.000000000 0.000000521
15 0.000000701 0.000000000 0.000000534
16 0.000000572 0.000000000 0.000000433
17 0.000000581 0.000000000 0.000000429
18 0.000000561 0.000000000 0.000000437
19 0.000000741 0.000000535 0.000000000
20 0.000000882 0.000000428 0.000000000
21 0.000000631 0.000000444 0.000000000
22 0.000000631 0.000000430 0.000000000
23 0.000000621 0.000000421 0.000000000
24 0.000000661 0.000000453 0.000000000
25 0.000000682 0.000000444 0.000000000
26 0.000000721 0.000000428 0.000000000
27 0.000000922 0.000000488 0.000000000
28 0.000000701 0.000000433 0.000000000
29 0.000000741 0.000000494 0.000000000
30 0.000000742 0.000000514 0.000000000
31 0.000000762 0.000000433 0.000000000
32 0.000000892 0.000000544 0.000000000
33 0.000000772 0.000000459 0.000000000
34 0.000000872 0.000000436 0.000000000
35 0.000000961 0.000000540 0.000000000
36 0.000000811 0.000000506 0.000000000
37 0.000001162 0.000000546 0.000000000
38 0.000000842 0.000000545 0.000000000
39 0.000000832 0.000000442 0.000000000
40 0.000001072 0.000000482 0.000000000
41 0.000000851 0.000000478 0.000000000
42 0.000000852 0.000000447 0.000000000
43 0.000000902 0.000000474 0.000000000
44 0.000001153 0.000000000 0.000000441
45 0.000000862 0.000000509 0.000000000
46 0.000000891 0.000000505 0.000000000
47 0.000000921 0.000000000 0.000000467
48 0.000001112 0.000000000 0.000000521
49 0.000000902 0.000000000 0.000000449
50 0.000001403 0.000000000 0.000000428
51 0.000000961 0.000000000 0.000000432
52 0.000001573 0.000000000 0.000000527
53 0.000000932 0.000000000 0.000000418
54 0.000000982 0.000000000 0.000000428
55 0.000001422 0.000000498 0.000000000
56 0.000001083 0.000000428 0.000000000
57 0.000001042 0.000000427 0.000000000
58 0.000001042 0.000000000 0.000000440
59 0.000001273 0.000000559 0.000000000
60 0.000001353 0.000000421 0.000000000
61 0.000001022 0.000000429 0.000000000
62 0.000001283 0.000000535 0.000000000
63 0.000001082 0.000000000 0.000000461
64 0.000001082 0.000000000 0.000000434
65 0.000001072 0.000000000 0.000000450
66 0.000001062 0.000000000 0.000000426
67 0.000001342 0.000000000 0.000000521
68 0.000001112 0.000000423 0.000000000
69 0.000001252 0.000000453 0.000000000
70 0.000001382 0.000000536 0.000000000
71 0.000001133 0.000000000 0.000000531
72 0.000001132 0.000000516 0.000000000
73 0.000001132 0.000000000 0.000000431
74 0.000001162 0.000000000 0.000000421
75 0.000001924 0.000000000 0.000000435
76 0.000001182 0.000000000 0.000000531
77 0.000001223 0.000000000 0.000000503
78 0.000001202 0.000000000 0.000000460
79 0.000001193 0.000000000 0.000000443
80 0.000001352 0.000000000 0.000000433
81 0.000001723 0.000000000 0.000000436
82 0.000001233 0.000000000 0.000000441
83 0.000001213 0.000000000 0.000000423
84 0.000001303 0.000000000 0.000000461
85 0.000002084 0.000000000 0.000000532
86 0.000001302 0.000000000 0.000000444
87 0.000001252 0.000000000 0.000000454
88 0.000001283 0.000000000 0.000000445
89 0.000001643 0.000000000 0.000000540
90 0.000001333 0.000000477 0.000000000
91 0.000001302 0.000000429 0.000000000
92 0.000002014 0.000000544 0.000000000
93 0.000001403 0.000000443 0.000000000
94 0.000001323 0.000000000 0.000000436
95 0.000001372 0.000000000 0.000000436
96 0.000001713 0.000000567 0.000000000
97 0.000001553 0.000000448 0.000000000
98 0.000001743 0.000000478 0.000000000
99 0.000001794 0.000000534 0.000000000
100 0.000001423 0.000000526 0.000000000
101 0.000002245 0.000000000 0.000000519
102 0.000001834 0.000000000 0.000000550
103 0.000001423 0.000000000 0.000000436
104 0.000001773 0.000000000 0.000000566
105 0.000001493 0.000000491 0.000000000
106 0.000002395 0.000000499 0.000000000
107 0.000002215 0.000000548 0.000000000
108 0.000001523 0.000000454 0.000000000
109 0.000001503 0.000000000 0.000000482
110 0.000002114 0.000000000 0.000000437
111 0.000001493 0.000000000 0.000000419
112 0.000001964 0.000000000 0.000000521
113 0.000001884 0.000000550 0.000000000
114 0.000001553 0.000000428 0.000000000
115 0.000002535 0.000000000 0.000000475
116 0.000001583 0.000000424 0.000000000
117 0.000001984 0.000000454 0.000000000
118 0.000001964 0.000000529 0.000000000
119 0.000001583 0.000000000 0.000000442
120 0.000001634 0.000000000 0.000000436
121 0.000001633 0.000000000 0.000000456
122 0.000002585 0.000000000 0.000000432
123 0.000002094 0.000000000 0.000000535
124 0.000001624 0.000000000 0.000000478
125 0.000001673 0.000000000 0.000000426
126 0.000001643 0.000000000 0.000000422
127 0.000001644 0.000000000 0.000000449
128 0.000001653 0.000000000 0.000000462
129 0.000002074 0.000000000 0.000000539
130 0.000002374 0.000000000 0.000000458
131 0.000001683 0.000000000 0.000000448
132 0.000001764 0.000000000 0.000000445
133 0.000002304 0.000000000 0.000000439
134 0.000001724 0.000000000 0.000000483
135 0.000001724 0.000000000 0.000000440
136 0.000001764 0.000000000 0.000000434
137 0.000001793 0.000000000 0.000000475
138 0.000001713 0.000000000 0.000000444
139 0.000001763 0.000000000 0.000000439
140 0.000001833 0.000000000 0.000000438
141 0.000001854 0.000000000 0.000000424
142 0.000001783 0.000000000 0.000000437
143 0.000001864 0.000000000 0.000000447
144 0.000001803 0.000000000 0.000000433
145 0.000001874 0.000000000 0.000000431
146 0.000001884 0.000000000 0.000000443
147 0.000001883 0.000000000 0.000000458
148 0.000002665 0.000000000 0.000000486
149 0.000001854 0.000000000 0.000000456
150 0.000003096 0.000000537 0.000000000
151 0.000002345 0.000000543 0.000000000
152 0.000001863 0.000000000 0.000000447
153 0.000001943 0.000000441 0.000000000
154 0.000001974 0.000000447 0.000000000
155 0.000001914 0.000000443 0.000000000
156 0.000002365 0.000000553 0.000000000
157 0.000001944 0.000000452 0.000000000
158 0.000001974 0.000000000 0.000000428
159 0.000001953 0.000000424 0.000000000
160 0.000002034 0.000000000 0.000000436
161 0.000003246 0.000000472 0.000000000
162 0.000002315 0.000000483 0.000000000
163 0.000002595 0.000000563 0.000000000
164 0.000002104 0.000000000 0.000000431
165 0.000002054 0.000000000 0.000000496
166 0.000002825 0.000000000 0.000000437
167 0.000002044 0.000000000 0.000000429
168 0.000002104 0.000000000 0.000000499
169 0.000002115 0.000000000 0.000000440
170 0.000003527 0.000000000 0.000000434
171 0.000002114 0.000000536 0.000000000
172 0.000003617 0.000000460 0.000000000
173 0.000002575 0.000000548 0.000000000
174 0.000003567 0.000000000 0.000000432
175 0.000002134 0.000000432 0.000000000
176 0.000002255 0.000000495 0.000000000
177 0.000002114 0.000000470 0.000000000
178 0.000002425 0.000000450 0.000000000
179 0.000002135 0.000000000 0.000000435
180 0.000002676 0.000000547 0.000000000
181 0.000002165 0.000000000 0.000000426
182 0.000002164 0.000000000 0.000000428
183 0.000002275 0.000000000 0.000000430
184 0.000004219 0.000000000 0.000000423
185 0.000002415 0.000000000 0.000000433
186 0.000002285 0.000000000 0.000000422
187 0.000003367 0.000000000 0.000000458
188 0.000002204 0.000000000 0.000000441
189 0.000002916 0.000000000 0.000000527
190 0.000002334 0.000000000 0.000000535
191 0.000002355 0.000000000 0.000000429
192 0.000002315 0.000000489 0.000000000
193 0.000002375 0.000000000 0.000000437
194 0.000004680 0.000000000 0.000000508
195 0.000002284 0.000000434 0.000000000
196 0.000003307 0.000000477 0.000000000
197 0.000002425 0.000000578 0.000000000
198 0.000002886 0.000000523 0.000000000
199 0.000004790 0.000000000 0.000000434
200 0.000002986 0.000000522 0.000000000
201 0.000003467 0.000000000 0.000000499
202 0.000003457 0.000000430 0.000000000
203 0.000002375 0.000000000 0.000000440
204 0.000003046 0.000000000 0.000000543
205 0.000003938 0.000000000 0.000000470
206 0.000003888 0.000000000 0.000000438
207 0.000002495 0.000000000 0.000000433
208 0.000004409 0.000000503 0.000000000
209 0.000003517 0.000000451 0.000000000
210 0.000003668 0.000000433 0.000000000
211 0.000004529 0.000000537 0.000000000
212 0.000004860 0.000000000 0.000000554
213 0.000002505 0.000000000 0.000000434
214 0.000002495 0.000000000 0.000000425
215 0.000005191 0.000000000 0.000000524
216 0.000003618 0.000000000 0.000000419
217 0.000003227 0.000000000 0.000000478
218 0.000002625 0.000000000 0.000000449
219 0.000002615 0.000000530 0.000000000
220 0.000002525 0.000000447 0.000000000
221 0.000004119 0.000000000 0.000000427
222 0.000002625 0.000000000 0.000000444
223 0.000003406 0.000000000 0.000000475
224 0.000003737 0.000000437 0.000000000
225 0.000003417 0.000000476 0.000000000
226 0.000002695 0.000000433 0.000000000
227 0.000002685 0.000000451 0.000000000
228 0.000003938 0.000000465 0.000000000
229 0.000002705 0.000000513 0.000000000
230 0.000005130 0.000000514 0.000000000
231 0.000003296 0.000000000 0.000000534
232 0.000006834 0.000000000 0.000000538
233 0.000002656 0.000000000 0.000000481
234 0.000003838 0.000000000 0.000000430
235 0.000003316 0.000000000 0.000000554
236 0.000003898 0.000000000 0.000000434
237 0.000005271 0.000000000 0.000000543
238 0.000004790 0.000000000 0.000000525
239 0.000003818 0.000000000 0.000000434
240 0.000002805 0.000000000 0.000000418
241 0.000003847 0.000000000 0.000000441
242 0.000003857 0.000000000 0.000000522
243 0.000004028 0.000000535 0.000000000
244 0.000003768 0.000000450 0.000000000
245 0.000002776 0.000000000 0.000000437
246 0.000004018 0.000000432 0.000000000
247 0.000003867 0.000000000 0.000000434
248 0.000002796 0.000000457 0.000000000
249 0.000003968 0.000000455 0.000000000
250 0.000002825 0.000000000 0.000000497
251 0.000002946 0.000000492 0.000000000
252 0.000004509 0.000000467 0.000000000
253 0.000005320 0.000000472 0.000000000
254 0.000003697 0.000000559 0.000000000
255 0.000006934 0.000000000 0.000000558
256 0.000004198 0.000000000 0.000000457
257 0.000004288 0.000000499 0.000000000
258 0.000004158 0.000000481 0.000000000
259 0.000004379 0.000000485 0.000000000
260 0.000005361 0.000000433 0.000000000
261 0.000003046 0.000000443 0.000000000
262 0.000005000 0.000000536 0.000000000
263 0.000005230 0.000000000 0.000000442
264 0.000003066 0.000000000 0.000000427
265 0.000004048 0.000000000 0.000000448
266 0.000004108 0.000000428 0.000000000
267 0.000005060 0.000000000 0.000000488
268 0.000004750 0.000000000 0.000000451
269 0.000004459 0.000000000 0.000000432
270 0.000005380 0.000000000 0.000000558
271 0.000004118 0.000000000 0.000000475
272 0.000004308 0.000000000 0.000000452
273 0.000004279 0.000000000 0.000000441
274 0.000004169 0.000000000 0.000000467
275 0.000006022 0.000000000 0.000000502
276 0.000004659 0.000000000 0.000000434
277 0.000004299 0.000000000 0.000000444
278 0.000006102 0.000000562 0.000000000
279 0.000005441 0.000000446 0.000000000
280 0.000004920 0.000000000 0.000000429
281 0.000004780 0.000000000 0.000000460
282 0.000006072 0.000000512 0.000000000
283 0.000006543 0.000000000 0.000000439
284 0.000004469 0.000000480 0.000000000
285 0.000004519 0.000000458 0.000000000
286 0.000004750 0.000000447 0.000000000
287 0.000004398 0.000000000 0.000000445
288 0.000005480 0.000000000 0.000000510
289 0.000005781 0.000000438 0.000000000
290 0.000005772 0.000000467 0.000000000
291 0.000006563 0.000000487 0.000000000
292 0.000004509 0.000000000 0.000000491
293 0.000006874 0.000000437 0.000000000
294 0.000004449 0.000000000 0.000000455
295 0.000004449 0.000000495 0.000000000
296 0.000004579 0.000000000 0.000000473
297 0.000004498 0.000000000 0.000000474
298 0.000004789 0.000000000 0.000000469
299 0.000005621 0.000000000 0.000000443
300 0.000005541 0.000000553 0.000000000
301 0.000004549 0.000000450 0.000000000
302 0.000004499 0.000000461 0.000000000
303 0.000004448 0.000000501 0.000000000
304 0.000005661 0.000000000 0.000000476
305 0.000004619 0.000000000 0.000000521
306 0.000004589 0.000000000 0.000000429
307 0.000007014 0.000000000 0.000000464
308 0.000004419 0.000000000 0.000000435
309 0.000004509 0.000000000 0.000000435
310 0.000004629 0.000000000 0.000000428
311 0.000004659 0.000000000 0.000000434
312 0.000004459 0.000000000 0.000000426
313 0.000005661 0.000000000 0.000000451
314 0.000004690 0.000000000 0.000000433
315 0.000005521 0.000000000 0.000000449
316 0.000006583 0.000000511 0.000000000
317 0.000005921 0.000000000 0.000000441
318 0.000004559 0.000000000 0.000000472
319 0.000004569 0.000000000 0.000000434
320 0.000005992 0.000000000 0.000000529
321 0.000005721 0.000000000 0.000000502
322 0.000004719 0.000000000 0.000000444
323 0.000004689 0.000000000 0.000000436
324 0.000005611 0.000000484 0.000000000
325 0.000006934 0.000000439 0.000000000
326 0.000004639 0.000000425 0.000000000
327 0.000004729 0.000000477 0.000000000
328 0.000005621 0.000000546 0.000000000
329 0.000007225 0.000000000 0.000000517
330 0.000005621 0.000000000 0.000000431
331 0.000006874 0.000000000 0.000000435
332 0.000004810 0.000000000 0.000000422
333 0.000006704 0.000000000 0.000000422
334 0.000005701 0.000000000 0.000000454
335 0.000005651 0.000000000 0.000000516
336 0.000007124 0.000000000 0.000000548
337 0.000005822 0.000000000 0.000000444
338 0.000004840 0.000000000 0.000000430
339 0.000006543 0.000000520 0.000000000
340 0.000006442 0.000000000 0.000000436
341 0.000006032 0.000000440 0.000000000
342 0.000006583 0.000000554 0.000000000
343 0.000005932 0.000000432 0.000000000
344 0.000006363 0.000000475 0.000000000
345 0.000004840 0.000000000 0.000000423
346 0.000006884 0.000000546 0.000000000
347 0.000004829 0.000000440 0.000000000
348 0.000004800 0.000000000 0.000000427
349 0.000004990 0.000000465 0.000000000
350 0.000006523 0.000000448 0.000000000
351 0.000004900 0.000000442 0.000000000
352 0.000006092 0.000000543 0.000000000
353 0.000005081 0.000000437 0.000000000
354 0.000005070 0.000000470 0.000000000
355 0.000006052 0.000000461 0.000000000
356 0.000005882 0.000000437 0.000000000
357 0.000007545 0.000000476 0.000000000
358 0.000006132 0.000000438 0.000000000
359 0.000005090 0.000000429 0.000000000
360 0.000007595 0.000000522 0.000000000
361 0.000004970 0.000000426 0.000000000
362 0.000007324 0.000000518 0.000000000
363 0.000005260 0.000000000 0.000000448
364 0.000006223 0.000000000 0.000000446
365 0.000007455 0.000000000 0.000000448
366 0.000006343 0.000000000 0.000000448
367 0.000006623 0.000000000 0.000000435
368 0.000005080 0.000000000 0.000000443
369 0.000005020 0.000000000 0.000000432
370 0.000005300 0.000000000 0.000000427
371 0.000006342 0.000000000 0.000000458
372 0.000006343 0.000000000 0.000000436
373 0.000006102 0.000000000 0.000000500
374 0.000007555 0.000000000 0.000000449
375 0.000005121 0.000000000 0.000000435
376 0.000008987 0.000000000 0.000000454
377 0.000005100 0.000000000 0.000000435
378 0.000006243 0.000000000 0.000000431
379 0.000005150 0.000000000 0.000000472
380 0.000006233 0.000000000 0.000000452
381 0.000006583 0.000000000 0.000000452
382 0.000007756 0.000000000 0.000000449
383 0.000005261 0.000000438 0.000000000
384 0.000008076 0.000000545 0.000000000
385 0.000009699 0.000000547 0.000000000
386 0.000008577 0.000000000 0.000000537
387 0.000006503 0.000000446 0.000000000
388 0.000007906 0.000000000 0.000000459
389 0.000007965 0.000000000 0.000000537
390 0.000006744 0.000000000 0.000000435
391 0.000006644 0.000000000 0.000000451
392 0.000006382 0.000000000 0.000000489
393 0.000006433 0.000000000 0.000000448
394 0.000006583 0.000000427 0.000000000
395 0.000007525 0.000000456 0.000000000
396 0.000008066 0.000000445 0.000000000
397 0.000012564 0.000000444 0.000000000
398 0.000006262 0.000000439 0.000000000
399 0.000006813 0.000000449 0.000000000
400 0.000008256 0.000000541 0.000000000
401 0.000006453 0.000000430 0.000000000
402 0.000006513 0.000000451 0.000000000
403 0.000005631 0.000000505 0.000000000
404 0.000006452 0.000000438 0.000000000
405 0.000007324 0.000000452 0.000000000
406 0.000009329 0.000000491 0.000000000
407 0.000006483 0.000000000 0.000000447
408 0.000006513 0.000000000 0.000000435
409 0.000006623 0.000000000 0.000000439
410 0.000006412 0.000000000 0.000000434
411 0.000006393 0.000000000 0.000000432
412 0.000007876 0.000000000 0.000000448
413 0.000006523 0.000000000 0.000000435
414 0.000006753 0.000000000 0.000000446
415 0.000006503 0.000000000 0.000000438
416 0.000006503 0.000000000 0.000000429
417 0.000008066 0.000000000 0.000000498
418 0.000007254 0.000000539 0.000000000
419 0.000008517 0.000000553 0.000000000
420 0.000006663 0.000000000 0.000000468
421 0.000006693 0.000000445 0.000000000
422 0.000007896 0.000000457 0.000000000
423 0.000006774 0.000000000 0.000000470
424 0.000008286 0.000000000 0.000000541
425 0.000006714 0.000000000 0.000000437
426 0.000006713 0.000000000 0.000000433
427 0.000008136 0.000000000 0.000000529
428 0.000008206 0.000000000 0.000000532
429 0.000006613 0.000000000 0.000000436
430 0.000006553 0.000000000 0.000000466
431 0.000007775 0.000000000 0.000000440
432 0.000011292 0.000000513 0.000000000
433 0.000006663 0.000000000 0.000000440
434 0.000008687 0.000000000 0.000000435
435 0.000008306 0.000000432 0.000000000
436 0.000008096 0.000000442 0.000000000
437 0.000010231 0.000000478 0.000000000
438 0.000007515 0.000000000 0.000000424
439 0.000008276 0.000000460 0.000000000
440 0.000006884 0.000000000 0.000000429
441 0.000006873 0.000000000 0.000000510
442 0.000026693 0.000000000 0.000000537
443 0.000008727 0.000000533 0.000000000
444 0.000006663 0.000000483 0.000000000
445 0.000007284 0.000000457 0.000000000
446 0.000008567 0.000000486 0.000000000
447 0.000007154 0.000000548 0.000000000
448 0.000006994 0.000000442 0.000000000
449 0.000006984 0.000000683 0.000000000
450 0.000008457 0.000000000 0.000000430
451 0.000008487 0.000000539 0.000000000
452 0.000006984 0.000000000 0.000000423
453 0.000007876 0.000000000 0.000000443
454 0.000006844 0.000000000 0.000000437
455 0.000009960 0.000000462 0.000000000
456 0.000008086 0.000000000 0.000000436
457 0.000009198 0.000000000 0.000000428
458 0.000008627 0.000000000 0.000000428
459 0.000008216 0.000000000 0.000000432
460 0.000008457 0.000000000 0.000000442
461 0.000008066 0.000000473 0.000000000
462 0.000009960 0.000000504 0.000000000
463 0.000010341 0.000000000 0.000000528
464 0.000008897 0.000000000 0.000000430
465 0.000010861 0.000000000 0.000000543
466 0.000010481 0.000000000 0.000000445
467 0.000008677 0.000000000 0.000000545
468 0.000008857 0.000000000 0.000000427
469 0.000011142 0.000000000 0.000000458
470 0.000007265 0.000000000 0.000000446
471 0.000008637 0.000000446 0.000000000
472 0.000010561 0.000000488 0.000000000
473 0.000013096 0.000000525 0.000000000
474 0.000010621 0.000000434 0.000000000
475 0.000010902 0.000000477 0.000000000
476 0.000009028 0.000000580 0.000000000
477 0.000008036 0.000000000 0.000000443
478 0.000007105 0.000000000 0.000000437
479 0.000009168 0.000000000 0.000000549
480 0.000009419 0.000000000 0.000000440
481 0.000010100 0.000000000 0.000000458
482 0.000009849 0.000000000 0.000000446
483 0.000008176 0.000000000 0.000000432
484 0.000018957 0.000000000 0.000000566
485 0.000007134 0.000000493 0.000000000
486 0.000010370 0.000000530 0.000000000
487 0.000008086 0.000000000 0.000000445
488 0.000007154 0.000000453 0.000000000
489 0.000009098 0.000000562 0.000000000
490 0.000010160 0.000000000 0.000000539
491 0.000009679 0.000000000 0.000000554
492 0.000008667 0.000000000 0.000000452
493 0.000010340 0.000000000 0.000000542
494 0.000008417 0.000000000 0.000000441
495 0.000009539 0.000000000 0.000000559
496 0.000008717 0.000000000 0.000000455
497 0.000007194 0.000000454 0.000000000
498 0.000009338 0.000000502 0.000000000
499 0.000008517 0.000000451 0.000000000
500 0.000009228 0.000000000 0.000000557
501 0.000007364 0.000000000 0.000000443
502 0.000007645 0.000000000 0.000000459
503 0.000012705 0.000000000 0.000000522
504 0.000009719 0.000000000 0.000000448
505 0.000008587 0.000000000 0.000000434
506 0.000009028 0.000000482 0.000000000
507 0.000008277 0.000000444 0.000000000
508 0.000009639 0.000000501 0.000000000
509 0.000010371 0.000000527 0.000000000
510 0.000008587 0.000000000 0.000000443
511 0.000010090 0.000000000 0.000000446
512 0.000007595 0.000000000 0.000000433
513 0.000010701 0.000000000 0.000000563
514 0.000007625 0.000000000 0.000000433
515 0.000010360 0.000000000 0.000000542
516 0.000008888 0.000000000 0.000000433
517 0.000010721 0.000000000 0.000000545
518 0.000010881 0.000000000 0.000000452
519 0.000008587 0.000000000 0.000000447
520 0.000008758 0.000000000 0.000000444
521 0.000012124 0.000000000 0.000000551
522 0.000008717 0.000000441 0.000000000
523 0.000008517 0.000000544 0.000000000
524 0.000008467 0.000000523 0.000000000
525 0.000010671 0.000000000 0.000000495
526 0.000009710 0.000000000 0.000000535
527 0.000009730 0.000000000 0.000000440
528 0.000008818 0.000000000 0.000000436
529 0.000007795 0.000000000 0.000000462
530 0.000011903 0.000000000 0.000000443
531 0.000010871 0.000000000 0.000000572
532 0.000009749 0.000000000 0.000000539
533 0.000009038 0.000000000 0.000000476
534 0.000008767 0.000000000 0.000000437
535 0.000008567 0.000000000 0.000000435
536 0.000014489 0.000000000 0.000000470
537 0.000009869 0.000000000 0.000000429
538 0.000010761 0.000000530 0.000000000
539 0.000008877 0.000000000 0.000000428
540 0.000011122 0.000000448 0.000000000
541 0.000008627 0.000000447 0.000000000
542 0.000008897 0.000000449 0.000000000
543 0.000008757 0.000000430 0.000000000
544 0.000008668 0.000000437 0.000000000
545 0.000008617 0.000000000 0.000000444
546 0.000011243 0.000000430 0.000000000
547 0.000009940 0.000000538 0.000000000
548 0.000008807 0.000000523 0.000000000
549 0.000008718 0.000000000 0.000000451
550 0.000010671 0.000000000 0.000000452
551 0.000010020 0.000000438 0.000000000
552 0.000009198 0.000000459 0.000000000
553 0.000011192 0.000000451 0.000000000
554 0.000008978 0.000000505 0.000000000
555 0.000008807 0.000000000 0.000000459
556 0.000010752 0.000000557 0.000000000
557 0.000012986 0.000000473 0.000000000
558 0.000010792 0.000000434 0.000000000
559 0.000009760 0.000000000 0.000000521
560 0.000012354 0.000000000 0.000000473
561 0.000011202 0.000000000 0.000000454
562 0.000010982 0.000000000 0.000000433
563 0.000009068 0.000000000 0.000000438
564 0.000010261 0.000000000 0.000000533
565 0.000010842 0.000000000 0.000000432
566 0.000008938 0.000000000 0.000000457
567 0.000010431 0.000000000 0.000000443
568 0.000009228 0.000000000 0.000000453
569 0.000015831 0.000000000 0.000000508
570 0.000011323 0.000000000 0.000000566
571 0.000009138 0.000000000 0.000000447
572 0.000009158 0.000000427 0.000000000
573 0.000011443 0.000000540 0.000000000
574 0.000010140 0.000000463 0.000000000
575 0.000009158 0.000000431 0.000000000
576 0.000011233 0.000000000 0.000000446
577 0.000010250 0.000000435 0.000000000
578 0.000010541 0.000000000 0.000000434
579 0.000009188 0.000000000 0.000000429
580 0.000009098 0.000000000 0.000000428
581 0.000010721 0.000000000 0.000000476
582 0.000010491 0.000000000 0.000000442
583 0.000010501 0.000000000 0.000000463
584 0.000009990 0.000000000 0.000000455
585 0.000013347 0.000000559 0.000000000
586 0.000011884 0.000000448 0.000000000
587 0.000010170 0.000000529 0.000000000
588 0.000013016 0.000000547 0.000000000
589 0.000010060 0.000000000 0.000000434
590 0.000012465 0.000000464 0.000000000
591 0.000019228 0.000000544 0.000000000
592 0.000012264 0.000000000 0.000000448
593 0.000010611 0.000000443 0.000000000
594 0.000011272 0.000000559 0.000000000
595 0.000011273 0.000000000 0.000000439
596 0.000009379 0.000000560 0.000000000
597 0.000012735 0.000000000 0.000000473
598 0.000009118 0.000000000 0.000000452
599 0.000012234 0.000000000 0.000000481
600 0.000013126 0.000000560 0.000000000
601 0.000009929 0.000000435 0.000000000
602 0.000011913 0.000000000 0.000000446
603 0.000015140 0.000000538 0.000000000
604 0.000009559 0.000000495 0.000000000
605 0.000009199 0.000000468 0.000000000
606 0.000010551 0.000000000 0.000000446
607 0.000010491 0.000000000 0.000000439
608 0.000011943 0.000000000 0.000000467
609 0.000010561 0.000000000 0.000000460
610 0.000010531 0.000000000 0.000000430
611 0.000009339 0.000000000 0.000000537
612 0.000012544 0.000000000 0.000000444
613 0.000014018 0.000000000 0.000000521
614 0.000011403 0.000000000 0.000000448
615 0.000010511 0.000000448 0.000000000
616 0.000011203 0.000000000 0.000000439
617 0.000010611 0.000000000 0.000000442
618 0.000013086 0.000000000 0.000000438
619 0.000010741 0.000000000 0.000000532
620 0.000010721 0.000000000 0.000000508
621 0.000014559 0.000000000 0.000000562
622 0.000016934 0.000000000 0.000000560
623 0.000010741 0.000000488 0.000000000
624 0.000013386 0.000000543 0.000000000
625 0.000010371 0.000000513 0.000000000
626 0.000013227 0.000000000 0.000000553
627 0.000011433 0.000000456 0.000000000
628 0.000011774 0.000000443 0.000000000
629 0.000010410 0.000000000 0.000000439
630 0.000010451 0.000000000 0.000000434
631 0.000011122 0.000000000 0.000000470
632 0.000011893 0.000000000 0.000000440
633 0.000010531 0.000000000 0.000000522
634 0.000013988 0.000000000 0.000000586
635 0.000012656 0.000000550 0.000000000
636 0.000010882 0.000000449 0.000000000
637 0.000009559 0.000000452 0.000000000
638 0.000012104 0.000000445 0.000000000
639 0.000010691 0.000000439 0.000000000
640 0.000013116 0.000000566 0.000000000
641 0.000009859 0.000000517 0.000000000
642 0.000013617 0.000000000 0.000000567
643 0.000010701 0.000000000 0.000000453
644 0.000009819 0.000000000 0.000000439
645 0.000010982 0.000000000 0.000000441
646 0.000011824 0.000000000 0.000000448
647 0.000014318 0.000000455 0.000000000
648 0.000015040 0.000000569 0.000000000
649 0.000009879 0.000000471 0.000000000
650 0.000012004 0.000000439 0.000000000
651 0.000010891 0.000000461 0.000000000
652 0.000013076 0.000000000 0.000000448
653 0.000013657 0.000000000 0.000000564
654 0.000010591 0.000000000 0.000000498
655 0.000013617 0.000000570 0.000000000
656 0.000012595 0.000000000 0.000000580
657 0.000013367 0.000000445 0.000000000
658 0.000011262 0.000000430 0.000000000
659 0.000012685 0.000000000 0.000000442
660 0.000011162 0.000000443 0.000000000
661 0.000015170 0.000000000 0.000000554
662 0.000011011 0.000000445 0.000000000
663 0.000011202 0.000000000 0.000000563
664 0.000011122 0.000000000 0.000000465
665 0.000011242 0.000000000 0.000000449
666 0.000011463 0.000000000 0.000000449
667 0.000010791 0.000000000 0.000000507
668 0.000016814 0.000000000 0.000000437
669 0.000012785 0.000000435 0.000000000
670 0.000010811 0.000000463 0.000000000
671 0.000010801 0.000000455 0.000000000
672 0.000012214 0.000000483 0.000000000
673 0.000015721 0.000000529 0.000000000
674 0.000011573 0.000000493 0.000000000
675 0.000014228 0.000000540 0.000000000
676 0.000013537 0.000000530 0.000000000
677 0.000013477 0.000000543 0.000000000
678 0.000013947 0.000000000 0.000000530
679 0.000011182 0.000000000 0.000000519
680 0.000011182 0.000000000 0.000000432
681 0.000012205 0.000000000 0.000000476
682 0.000015130 0.000000507 0.000000000
683 0.000011472 0.000000541 0.000000000
684 0.000014108 0.000000000 0.000000502
685 0.000011242 0.000000450 0.000000000
686 0.000011262 0.000000474 0.000000000
687 0.000014429 0.000000494 0.000000000
688 0.000014619 0.000000521 0.000000000
689 0.000011663 0.000000000 0.000000443
690 0.000011323 0.000000000 0.000000440
691 0.000014088 0.000000000 0.000000591
692 0.000011032 0.000000000 0.000000434
693 0.000015400 0.000000000 0.000000483
694 0.000012244 0.000000477 0.000000000
695 0.000011373 0.000000000 0.000000443
696 0.000022955 0.000000561 0.000000000
697 0.000012685 0.000000477 0.000000000
698 0.000014549 0.000000443 0.000000000
699 0.000013828 0.000000552 0.000000000
700 0.000010951 0.000000000 0.000000436
701 0.000011153 0.000000000 0.000000451
702 0.000013757 0.000000000 0.000000537
703 0.000011463 0.000000000 0.000000561
704 0.000011183 0.000000000 0.000000436
705 0.000013778 0.000000576 0.000000000
706 0.000013708 0.000000522 0.000000000
707 0.000014379 0.000000494 0.000000000
708 0.000015521 0.000000569 0.000000000
709 0.000011233 0.000000000 0.000000438
710 0.000016763 0.000000000 0.000000490
711 0.000013567 0.000000000 0.000000442
712 0.000016272 0.000000000 0.000000585
713 0.000012234 0.000000000 0.000000454
714 0.000011873 0.000000454 0.000000000
715 0.000011563 0.000000501 0.000000000
716 0.000011243 0.000000507 0.000000000
717 0.000012294 0.000000434 0.000000000
718 0.000012715 0.000000434 0.000000000
719 0.000011132 0.000000000 0.000000430
720 0.000012345 0.000000000 0.000000445
721 0.000016323 0.000000000 0.000000559
722 0.000017355 0.000000443 0.000000000
723 0.000011683 0.000000438 0.000000000
724 0.000012084 0.000000444 0.000000000
725 0.000013597 0.000000438 0.000000000
726 0.000011793 0.000000463 0.000000000
727 0.000011543 0.000000445 0.000000000
728 0.000012455 0.000000446 0.000000000
729 0.000011613 0.000000468 0.000000000
730 0.000011613 0.000000439 0.000000000
731 0.000012665 0.000000000 0.000000441
732 0.000012795 0.000000530 0.000000000
733 0.000012174 0.000000530 0.000000000
734 0.000012575 0.000000497 0.000000000
735 0.000016202 0.000000467 0.000000000
736 0.000015952 0.000000000 0.000000449
737 0.000015792 0.000000000 0.000000556
738 0.000011502 0.000000000 0.000000445
739 0.000011904 0.000000000 0.000000458
740 0.000018617 0.000000000 0.000000515
741 0.000012785 0.000000457 0.000000000
742 0.000014088 0.000000453 0.000000000
743 0.000025501 0.000000000 0.000000451
744 0.000013997 0.000000549 0.000000000
745 0.000015581 0.000000465 0.000000000
746 0.000012665 0.000000524 0.000000000
747 0.000012766 0.000000433 0.000000000
748 0.000015000 0.000000000 0.000000426
749 0.000012415 0.000000000 0.000000433
750 0.000015300 0.000000450 0.000000000
751 0.000011633 0.000000525 0.000000000
752 0.000018176 0.000000456 0.000000000
753 0.000023516 0.000000000 0.000000628
754 0.000015000 0.000000000 0.000000524
755 0.000013507 0.000000000 0.000000491
756 0.000015842 0.000000000 0.000000575
757 0.000011843 0.000000000 0.000000450
758 0.000012925 0.000000000 0.000000446
759 0.000017104 0.000000000 0.000000536
760 0.000012806 0.000000445 0.000000000
761 0.000012945 0.000000553 0.000000000
762 0.000022615 0.000000558 0.000000000
763 0.000015230 0.000000457 0.000000000
764 0.000014128 0.000000444 0.000000000
765 0.000012765 0.000000000 0.000000451
766 0.000018847 0.000000000 0.000000440
767 0.000012655 0.000000539 0.000000000
768 0.000014539 0.000000463 0.000000000
769 0.000013016 0.000000458 0.000000000
770 0.000013868 0.000000460 0.000000000
771 0.000013467 0.000000504 0.000000000
772 0.000012194 0.000000468 0.000000000
773 0.000014358 0.000000000 0.000000460
774 0.000012325 0.000000000 0.000000431
775 0.000021433 0.000000000 0.000000601
776 0.000013757 0.000000000 0.000000458
777 0.000018016 0.000000000 0.000000605
778 0.000014329 0.000000446 0.000000000
779 0.000012685 0.000000000 0.000000450
780 0.000012975 0.000000525 0.000000000
781 0.000013176 0.000000474 0.000000000
782 0.000013376 0.000000000 0.000000507
783 0.000016713 0.000000000 0.000000536
784 0.000017464 0.000000000 0.000000542
785 0.000019188 0.000000000 0.000000551
786 0.000014669 0.000000000 0.000000455
787 0.000012755 0.000000000 0.000000441
788 0.000018306 0.000000000 0.000000561
789 0.000016202 0.000000000 0.000000537
790 0.000013096 0.000000000 0.000000428
791 0.000013186 0.000000000 0.000000469
792 0.000013496 0.000000000 0.000000454
793 0.000014138 0.000000000 0.000000446
794 0.000014659 0.000000447 0.000000000
795 0.000013617 0.000000000 0.000000450
796 0.000013286 0.000000000 0.000000435
797 0.000014519 0.000000000 0.000000435
798 0.000015661 0.000000000 0.000000445
799 0.000018587 0.000000472 0.000000000
800 0.000020010 0.000000482 0.000000000
801 0.000014589 0.000000435 0.000000000
802 0.000012976 0.000000529 0.000000000
803 0.000013597 0.000000462 0.000000000
804 0.000013176 0.000000562 0.000000000
805 0.000013537 0.000000000 0.000000442
806 0.000014068 0.000000461 0.000000000
807 0.000015210 0.000000449 0.000000000
808 0.000013537 0.000000450 0.000000000
809 0.000018136 0.000000567 0.000000000
810 0.000013086 0.000000000 0.000000475
811 0.000014950 0.000000468 0.000000000
812 0.000018807 0.000000516 0.000000000
813 0.000018056 0.000000546 0.000000000
814 0.000013126 0.000000000 0.000000496
815 0.000013366 0.000000000 0.000000474
816 0.000013507 0.000000000 0.000000496
817 0.000015751 0.000000000 0.000000444
818 0.000017044 0.000000543 0.000000000
819 0.000013507 0.000000459 0.000000000
820 0.000013687 0.000000481 0.000000000
821 0.000013637 0.000000440 0.000000000
822 0.000021983 0.000000504 0.000000000
823 0.000015591 0.000000000 0.000000437
824 0.000014519 0.000000466 0.000000000
825 0.000013958 0.000000000 0.000000428
826 0.000016342 0.000000486 0.000000000
827 0.000016413 0.000000000 0.000000443
828 0.000013406 0.000000459 0.000000000
829 0.000013507 0.000000000 0.000000469
830 0.000013657 0.000000000 0.000000450
831 0.000015982 0.000000000 0.000000446
832 0.000015471 0.000000000 0.000000443
833 0.000013226 0.000000000 0.000000431
834 0.000020250 0.000000000 0.000000459
835 0.000014809 0.000000000 0.000000460
836 0.000013347 0.000000000 0.000000431
837 0.000013577 0.000000000 0.000000467
838 0.000016923 0.000000563 0.000000000
839 0.000023506 0.000000578 0.000000000
840 0.000013357 0.000000000 0.000000523
841 0.000013888 0.000000000 0.000000448
842 0.000013527 0.000000000 0.000000452
843 0.000014960 0.000000000 0.000000452
844 0.000013847 0.000000000 0.000000441
845 0.000013677 0.000000000 0.000000445
846 0.000015561 0.000000000 0.000000434
847 0.000013577 0.000000000 0.000000449
848 0.000014018 0.000000000 0.000000526
849 0.000017565 0.000000000 0.000000454
850 0.000020611 0.000000000 0.000000585
851 0.000014328 0.000000692 0.000000000
852 0.000015130 0.000000000 0.000000466
853 0.000014970 0.000000000 0.000000471
854 0.000014819 0.000000000 0.000000442
855 0.000014408 0.000000000 0.000000444
856 0.000015551 0.000000000 0.000000464
857 0.000016383 0.000000000 0.000000475
858 0.000016212 0.000000465 0.000000000
859 0.000018447 0.000000000 0.000000508
860 0.000022474 0.000000599 0.000000000
861 0.000018908 0.000000557 0.000000000
862 0.000013787 0.000000451 0.000000000
863 0.000016102 0.000000471 0.000000000
864 0.000017275 0.000000478 0.000000000
865 0.000016062 0.000000000 0.000000536
866 0.000014178 0.000000000 0.000000486
867 0.000016152 0.000000000 0.000000458
868 0.000016883 0.000000455 0.000000000
869 0.000015291 0.000000466 0.000000000
870 0.000015040 0.000000445 0.000000000
871 0.000018717 0.000000529 0.000000000
872 0.000016092 0.000000462 0.000000000
873 0.000015320 0.000000000 0.000000436
874 0.000014679 0.000000000 0.000000485
875 0.000014869 0.000000000 0.000000469
876 0.000015010 0.000000000 0.000000469
877 0.000017144 0.000000000 0.000000518
878 0.000015130 0.000000000 0.000000439
879 0.000017715 0.000000000 0.000000552
880 0.000015040 0.000000447 0.000000000
881 0.000018446 0.000000515 0.000000000
882 0.000015581 0.000000500 0.000000000
883 0.000015099 0.000000467 0.000000000
884 0.000020351 0.000000579 0.000000000
885 0.000016202 0.000000000 0.000000461
886 0.000014318 0.000000000 0.000000443
887 0.000015330 0.000000000 0.000000511
888 0.000015190 0.000000000 0.000000448
889 0.000018126 0.000000000 0.000000573
890 0.000021924 0.000000572 0.000000000
891 0.000013878 0.000000467 0.000000000
892 0.000015401 0.000000000 0.000000463
893 0.000014118 0.000000000 0.000000436
894 0.000015190 0.000000000 0.000000434
895 0.000020531 0.000000000 0.000000444
896 0.000022194 0.000000000 0.000000559
897 0.000015040 0.000000000 0.000000437
898 0.000016252 0.000000000 0.000000471
899 0.000014960 0.000000000 0.000000456
900 0.000018898 0.000000000 0.000000559
901 0.000014379 0.000000000 0.000000441
902 0.000015410 0.000000000 0.000000459
903 0.000023817 0.000000000 0.000000518
904 0.000015160 0.000000455 0.000000000
905 0.000016483 0.000000466 0.000000000
906 0.000015079 0.000000000 0.000000461
907 0.000015210 0.000000000 0.000000498
908 0.000036753 0.000000000 0.000000537
909 0.000017675 0.000000503 0.000000000
910 0.000015691 0.000000459 0.000000000
911 0.000016513 0.000000465 0.000000000
912 0.000015861 0.000000466 0.000000000
913 0.000015140 0.000000450 0.000000000
914 0.000015380 0.000000000 0.000000449
915 0.000018317 0.000000000 0.000000458
916 0.000017033 0.000000000 0.000000452
917 0.000015090 0.000000000 0.000000536
918 0.000015821 0.000000000 0.000000449
919 0.000016273 0.000000000 0.000000450
920 0.000016072 0.000000000 0.000000450
921 0.000014969 0.000000000 0.000000464
922 0.000015822 0.000000000 0.000000527
923 0.000024048 0.000000000 0.000000467
924 0.000015961 0.000000444 0.000000000
925 0.000015300 0.000000549 0.000000000
926 0.000016613 0.000000452 0.000000000
927 0.000015480 0.000000484 0.000000000
928 0.000020972 0.000000559 0.000000000
929 0.000015601 0.000000000 0.000000455
930 0.000019078 0.000000000 0.000000576
931 0.000018827 0.000000000 0.000000450
932 0.000016452 0.000000000 0.000000437
933 0.000015601 0.000000000 0.000000444
934 0.000016613 0.000000000 0.000000442
935 0.000015291 0.000000000 0.000000441
936 0.000016894 0.000000000 0.000000442
937 0.000015320 0.000000000 0.000000437
938 0.000015671 0.000000000 0.000000440
939 0.000015982 0.000000000 0.000000449
940 0.000016904 0.000000000 0.000000450
941 0.000019348 0.000000000 0.000000440
942 0.000018807 0.000000000 0.000000536
943 0.000035240 0.000000000 0.000000441
944 0.000018848 0.000000468 0.000000000
945 0.000023286 0.000000549 0.000000000
946 0.000016332 0.000000000 0.000000484
947 0.000016072 0.000000000 0.000000463
948 0.000022404 0.000000000 0.000000563
949 0.000015861 0.000000000 0.000000458
950 0.000015732 0.000000000 0.000000466
951 0.000015380 0.000000000 0.000000444
952 0.000017195 0.000000000 0.000000459
953 0.000017063 0.000000000 0.000000442
954 0.000018066 0.000000000 0.000000437
955 0.000021703 0.000000000 0.000000480
956 0.000019198 0.000000000 0.000000547
957 0.000017204 0.000000000 0.000000451
958 0.000016794 0.000000439 0.000000000
959 0.000015902 0.000000000 0.000000451
960 0.000020130 0.000000576 0.000000000
961 0.000023356 0.000000000 0.000000613
962 0.000018336 0.000000000 0.000000490
963 0.000015751 0.000000000 0.000000449
964 0.000019639 0.000000000 0.000000459
965 0.000016913 0.000000456 0.000000000
966 0.000024268 0.000000510 0.000000000
967 0.000020080 0.000000515 0.000000000
968 0.000016583 0.000000459 0.000000000
969 0.000015721 0.000000000 0.000000451
970 0.000015982 0.000000000 0.000000494
971 0.000020781 0.000000000 0.000000550
972 0.000019960 0.000000000 0.000000546
973 0.000015541 0.000000000 0.000000442
974 0.000017544 0.000000000 0.000000443
975 0.000018206 0.000000000 0.000000452
976 0.000017916 0.000000000 0.000000442
977 0.000016592 0.000000000 0.000000450
978 0.000015651 0.000000000 0.000000438
979 0.000017174 0.000000000 0.000000461
980 0.000016212 0.000000000 0.000000454
981 0.000016192 0.000000000 0.000000450
982 0.000021011 0.000000000 0.000000471
983 0.000016242 0.000000531 0.000000000
984 0.000019639 0.000000482 0.000000000
985 0.000018477 0.000000495 0.000000000
986 0.000019919 0.000000000 0.000000461
987 0.000017325 0.000000000 0.000000449
988 0.000015781 0.000000000 0.000000445
989 0.000020290 0.000000000 0.000000464
990 0.000015761 0.000000000 0.000000442
991 0.000016763 0.000000000 0.000000442
992 0.000017234 0.000000485 0.000000000
993 0.000021122 0.000000506 0.000000000
994 0.000015801 0.000000495 0.000000000
995 0.000016984 0.000000000 0.000000451
996 0.000023517 0.000000000 0.000000573
997 0.000016473 0.000000000 0.000000452
998 0.000017154 0.000000000 0.000000444
999 0.000016122 0.000000000 0.000000439
1000 0.000015902 0.000000455 0.000000000
1001 0.000017815 0.000000000 0.000000499
1002 0.000016031 0.000000457 0.000000000
1003 0.000018677 0.000000446 0.000000000
1004 0.000019790 0.000000457 0.000000000
1005 0.000025190 0.000000563 0.000000000
1006 0.000017445 0.000000519 0.000000000
1007 0.000022194 0.000000000 0.000000535
1008 0.000021142 0.000000000 0.000000558
1009 0.000021433 0.000000000 0.000000573
1010 0.000019018 0.000000000 0.000000476
1011 0.000018597 0.000000000 0.000000471
1012 0.000021192 0.000000000 0.000000553
1013 0.000018457 0.000000000 0.000000450
1014 0.000016993 0.000000000 0.000000469
1015 0.000021673 0.000000000 0.000000561
1016 0.000020270 0.000000000 0.000000464
1017 0.000018436 0.000000000 0.000000442
1018 0.000017995 0.000000452 0.000000000
1019 0.000019770 0.000000561 0.000000000
1020 0.000019599 0.000000489 0.000000000
1021 0.000023016 0.000000000 0.000000573
1022 0.000018727 0.000000440 0.000000000
1023 0.000029469 0.000000536 0.000000000
1024 0.000022475 0.000000444 0.000000000
1025 0.000020521 0.000000000 0.000000449
1026 0.000017074 0.000000000 0.000000483
1027 0.000018457 0.000000000 0.000000441
1028 0.000017876 0.000000000 0.000000445
1029 0.000022655 0.000000000 0.000000546
1030 0.000019529 0.000000000 0.000000514
1031 0.000026542 0.000000000 0.000000487
1032 0.000017255 0.000000000 0.000000450
1033 0.000019078 0.000000000 0.000000445
1034 0.000017124 0.000000000 0.000000470
1035 0.000019118 0.000000453 0.000000000
1036 0.000017194 0.000000000 0.000000443
1037 0.000017285 0.000000000 0.000000459
1038 0.000018957 0.000000450 0.000000000
1039 0.000021954 0.000000000 0.000000551
1040 0.000017865 0.000000493 0.000000000
1041 0.000017104 0.000000000 0.000000465
1042 0.000018517 0.000000468 0.000000000
1043 0.000024649 0.000000500 0.000000000
1044 0.000018727 0.000000000 0.000000512
1045 0.000017234 0.000000000 0.000000439
1046 0.000016273 0.000000000 0.000000456
1047 0.000017345 0.000000000 0.000000451
1048 0.000017735 0.000000000 0.000000466
1049 0.000017365 0.000000000 0.000000451
1050 0.000020009 0.000000000 0.000000446
1051 0.000024970 0.000000000 0.000000564
1052 0.000018827 0.000000000 0.000000484
1053 0.000019328 0.000000000 0.000000455
1054 0.000019198 0.000000000 0.000000448
1055 0.000023767 0.000000571 0.000000000
1056 0.000017855 0.000000000 0.000000455
1057 0.000026863 0.000000522 0.000000000
1058 0.000026553 0.000000596 0.000000000
1059 0.000018226 0.000000000 0.000000484
1060 0.000018186 0.000000000 0.000000464
1061 0.000017505 0.000000000 0.000000459
1062 0.000018627 0.000000000 0.000000437
1063 0.000017915 0.000000000 0.000000443
1064 0.000024268 0.000000000 0.000000584
1065 0.000041342 0.000000468 0.000000000
1066 0.000017405 0.000000000 0.000000436
1067 0.000019178 0.000000470 0.000000000
1068 0.000033086 0.000000489 0.000000000
1069 0.000017946 0.000000449 0.000000000
1070 0.000022705 0.000000568 0.000000000
1071 0.000018897 0.000000448 0.000000000
1072 0.000022705 0.000000560 0.000000000
1073 0.000018537 0.000000444 0.000000000
1074 0.000018777 0.000000466 0.000000000
1075 0.000027805 0.000000000 0.000000525
1076 0.000031121 0.000000000 0.000000560
1077 0.000020029 0.000000000 0.000000447
1078 0.000028256 0.000000571 0.000000000
1079 0.000019258 0.000000442 0.000000000
1080 0.000020901 0.000000000 0.000000467
1081 0.000021482 0.000000523 0.000000000
1082 0.000037525 0.000000586 0.000000000
1083 0.000020561 0.000000000 0.000000457
1084 0.000019339 0.000000000 0.000000446
1085 0.000019058 0.000000000 0.000000454
1086 0.000017765 0.000000000 0.000000446
1087 0.000017945 0.000000000 0.000000542
1088 0.000018206 0.000000000 0.000000514
1089 0.000022685 0.000000000 0.000000560
1090 0.000023497 0.000000562 0.000000000
1091 0.000018637 0.000000477 0.000000000
1092 0.000022745 0.000000000 0.000000553
1093 0.000024479 0.000000568 0.000000000
1094 0.000019078 0.000000444 0.000000000
1095 0.000024539 0.000000555 0.000000000
1096 0.000024348 0.000000555 0.000000000
1097 0.000024338 0.000000000 0.000000451
1098 0.000027675 0.000000000 0.000000483
1099 0.000028947 0.000000000 0.000000574
1100 0.000019108 0.000000000 0.000000507
1101 0.000023867 0.000000559 0.000000000
1102 0.000023246 0.000000000 0.000000494
1103 0.000022985 0.000000544 0.000000000
1104 0.000019538 0.000000000 0.000000454
1105 0.000026162 0.000000000 0.000000549
1106 0.000018768 0.000000000 0.000000506
1107 0.000018798 0.000000000 0.000000474
1108 0.000034238 0.000000441 0.000000000
1109 0.000021633 0.000000480 0.000000000
1110 0.000022194 0.000000461 0.000000000
1111 0.000019739 0.000000000 0.000000455
1112 0.000019719 0.000000000 0.000000485
1113 0.000019719 0.000000471 0.000000000
1114 0.000019739 0.000000000 0.000000487
1115 0.000018988 0.000000459 0.000000000
1116 0.000021272 0.000000000 0.000000447
1117 0.000018897 0.000000000 0.000000557
1118 0.000020110 0.000000000 0.000000494
1119 0.000021472 0.000000000 0.000000451
1120 0.000019067 0.000000000 0.000000461
1121 0.000018416 0.000000000 0.000000472
1122 0.000024629 0.000000000 0.000000510
1123 0.000029027 0.000000529 0.000000000
1124 0.000023066 0.000000000 0.000000559
1125 0.000021312 0.000000459 0.000000000
1126 0.000023426 0.000000470 0.000000000
1127 0.000024940 0.000000000 0.000000486
1128 0.000019799 0.000000462 0.000000000
1129 0.000020912 0.000000457 0.000000000
1130 0.000018547 0.000000000 0.000000446
1131 0.000020310 0.000000464 0.000000000
1132 0.000019789 0.000000456 0.000000000
1133 0.000023406 0.000000574 0.000000000
1134 0.000023507 0.000000000 0.000000450
1135 0.000021192 0.000000000 0.000000541
1136 0.000020150 0.000000000 0.000000445
1137 0.000019789 0.000000000 0.000000447
1138 0.000019930 0.000000000 0.000000443
1139 0.000023436 0.000000000 0.000000453
1140 0.000020641 0.000000000 0.000000475
1141 0.000021132 0.000000000 0.000000527
1142 0.000019719 0.000000462 0.000000000
1143 0.000018427 0.000000000 0.000000435
1144 0.000027084 0.000000475 0.000000000
1145 0.000020129 0.000000000 0.000000482
1146 0.000024268 0.000000567 0.000000000
1147 0.000021673 0.000000000 0.000000476
1148 0.000019679 0.000000000 0.000000445
1149 0.000025661 0.000000000 0.000000483
1150 0.000021022 0.000000533 0.000000000
1151 0.000021312 0.000000505 0.000000000
1152 0.000021773 0.000000000 0.000000464
1153 0.000021051 0.000000503 0.000000000
1154 0.000020611 0.000000489 0.000000000
1155 0.000024259 0.000000481 0.000000000
1156 0.000024789 0.000000579 0.000000000
1157 0.000019690 0.000000527 0.000000000
1158 0.000019669 0.000000000 0.000000445
1159 0.000022845 0.000000000 0.000000552
1160 0.000022985 0.000000000 0.000000466
1161 0.000019999 0.000000000 0.000000547
1162 0.000020911 0.000000000 0.000000461
1163 0.000034909 0.000000501 0.000000000
1164 0.000024298 0.000000523 0.000000000
1165 0.000028376 0.000000556 0.000000000
1166 0.000020661 0.000000000 0.000000442
1167 0.000027695 0.000000000 0.000000566
1168 0.000021252 0.000000000 0.000000560
1169 0.000037334 0.000000460 0.000000000
1170 0.000024579 0.000000614 0.000000000
1171 0.000024258 0.000000580 0.000000000
1172 0.000020671 0.000000000 0.000000464
1173 0.000019399 0.000000000 0.000000465
1174 0.000020210 0.000000000 0.000000464
1175 0.000024298 0.000000000 0.000000460
1176 0.000020971 0.000000000 0.000000463
1177 0.000021192 0.000000000 0.000000452
1178 0.000027434 0.000000000 0.000000565
1179 0.000024388 0.000000000 0.000000564
1180 0.000022003 0.000000000 0.000000459
1181 0.000030571 0.000000000 0.000000564
1182 0.000020009 0.000000000 0.000000452
1183 0.000022455 0.000000000 0.000000467
1184 0.000022034 0.000000000 0.000000484
1185 0.000020641 0.000000000 0.000000466
1186 0.000021172 0.000000000 0.000000451
1187 0.000027926 0.000000511 0.000000000
1188 0.000019508 0.000000000 0.000000446
1189 0.000025230 0.000000578 0.000000000
1190 0.000020771 0.000000481 0.000000000
1191 0.000025341 0.000000563 0.000000000
1192 0.000026052 0.000000000 0.000000550
1193 0.000020931 0.000000000 0.000000444
1194 0.000026402 0.000000000 0.000000451
1195 0.000020611 0.000000000 0.000000449
1196 0.000021342 0.000000535 0.000000000
1197 0.000022163 0.000000533 0.000000000
1198 0.000029549 0.000000514 0.000000000
1199 0.000021823 0.000000493 0.000000000
1200 0.000022445 0.000000606 0.000000000
