
1 0.000000491 0.000000573 0.000000000
2 0.000000521 0.000000504 0.000000000
3 0.000000611 0.000000000 0.000000440
4 0.000000391 0.000000442 0.000000000
5 0.000000421 0.000000000 0.000000436
6 0.000000541 0.000000000 0.000000557
7 0.000000441 0.000000000 0.000000443
8 0.000000692 0.000000000 0.000000574
9 0.000000441 0.000000476 0.000000000
10 0.000000561 0.000000518 0.000000000
11 0.000000461 0.000000000 0.000000525
12 0.000000451 0.000000000 0.000000459
13 0.000000451 0.000000000 0.000000463
14 0.000000501 0.000000000 0.000000458
15 0.000000471 0.000000000 0.000000441
16 0.000000481 0.000000436 0.000000000
17 0.000000471 0.000000467 0.000000000
18 0.000000601 0.000000000 0.000000480
19 0.000000511 0.000000456 0.000000000
20 0.000000511 0.000000462 0.000000000
21 0.000000601 0.000000000 0.000000506
22 0.000000621 0.000000552 0.000000000
23 0.000000511 0.000000000 0.000000442
24 0.000000651 0.000000000 0.000000531
25 0.000000541 0.000000000 0.000000470
26 0.000000571 0.000000000 0.000000453
27 0.000000741 0.000000558 0.000000000
28 0.000000581 0.000000503 0.000000000
29 0.000000582 0.000000447 0.000000000
30 0.000000571 0.000000000 0.000000431
31 0.000000621 0.000000485 0.000000000
32 0.000000581 0.000000447 0.000000000
33 0.000000591 0.000000452 0.000000000
34 0.000000591 0.000000502 0.000000000
35 0.000000631 0.000000483 0.000000000
36 0.000000591 0.000000494 0.000000000
37 0.000000631 0.000000000 0.000000462
38 0.000000771 0.000000543 0.000000000
39 0.000000632 0.000000000 0.000000441
40 0.000000722 0.000000000 0.000000449
41 0.000000642 0.000000000 0.000000433
42 0.000000641 0.000000000 0.000000431
43 0.000000661 0.000000000 0.000000430
44 0.000000651 0.000000000 0.000000445
45 0.000000651 0.000000000 0.000000438
46 0.000000692 0.000000000 0.000000437
47 0.000000682 0.000000000 0.000000431
48 0.000000822 0.000000000 0.000000540
49 0.000000641 0.000000000 0.000000437
50 0.000000832 0.000000000 0.000000588
51 0.000000691 0.000000000 0.000000436
52 0.000000682 0.000000000 0.000000434
53 0.000000791 0.000000449 0.000000000
54 0.000000711 0.000000000 0.000000457
55 0.000000862 0.000000536 0.000000000
56 0.000000881 0.000000445 0.000000000
57 0.000000731 0.000000429 0.000000000
58 0.000000731 0.000000474 0.000000000
59 0.000000731 0.000000513 0.000000000
60 0.000000741 0.000000520 0.000000000
61 0.000000762 0.000000000 0.000000446
62 0.000000742 0.000000428 0.000000000
63 0.000000741 0.000000000 0.000000434
64 0.000000762 0.000000000 0.000000424
65 0.000000741 0.000000000 0.000000497
66 0.000000752 0.000000000 0.000000455
67 0.000000761 0.000000000 0.000000445
68 0.000000791 0.000000000 0.000000446
69 0.000000771 0.000000000 0.000000435
70 0.000000802 0.000000438 0.000000000
71 0.000000762 0.000000432 0.000000000
72 0.000000802 0.000000430 0.000000000
73 0.000000961 0.000000550 0.000000000
74 0.000000802 0.000000451 0.000000000
75 0.000000822 0.000000427 0.000000000
76 0.000000802 0.000000468 0.000000000
77 0.000000822 0.000000000 0.000000433
78 0.000000821 0.000000000 0.000000438
79 0.000000992 0.000000000 0.000000490
80 0.000000832 0.000000000 0.000000452
81 0.000000832 0.000000000 0.000000427
82 0.000000841 0.000000000 0.000000438
83 0.000000842 0.000000000 0.000000505
84 0.000000882 0.000000000 0.000000451
85 0.000000852 0.000000000 0.000000461
86 0.000000862 0.000000000 0.000000436
87 0.000000861 0.000000000 0.000000436
88 0.000000882 0.000000000 0.000000440
89 0.000001052 0.000000000 0.000000477
90 0.000000892 0.000000000 0.000000479
91 0.000000861 0.000000000 0.000000484
92 0.000000871 0.000000000 0.000000439
93 0.000001082 0.000000539 0.000000000
94 0.000000921 0.000000436 0.000000000
95 0.000001132 0.000000489 0.000000000
96 0.000001142 0.000000549 0.000000000
97 0.000000921 0.000000436 0.000000000
98 0.000000902 0.000000000 0.000000445
99 0.000000932 0.000000000 0.000000453
100 0.000000921 0.000000000 0.000000453
101 0.000001182 0.000000000 0.000000555
102 0.000000942 0.000000000 0.000000448
103 0.000000951 0.000000442 0.000000000
104 0.000001182 0.000000574 0.000000000
105 0.000000942 0.000000437 0.000000000
106 0.000001162 0.000000561 0.000000000
107 0.000000972 0.000000445 0.000000000
108 0.000000972 0.000000475 0.000000000
109 0.000000992 0.000000000 0.000000457
110 0.000000972 0.000000000 0.000000471
111 0.000001002 0.000000000 0.000000523
112 0.000001002 0.000000000 0.000000493
113 0.000001243 0.000000000 0.000000597
114 0.000001012 0.000000000 0.000000474
115 0.000001032 0.000000000 0.000000430
116 0.000001273 0.000000000 0.000000526
117 0.000001012 0.000000455 0.000000000
118 0.000001012 0.000000446 0.000000000
119 0.000001022 0.000000441 0.000000000
120 0.000001243 0.000000550 0.000000000
121 0.000001052 0.000000432 0.000000000
122 0.000001012 0.000000443 0.000000000
123 0.000001022 0.000000451 0.000000000
124 0.000001022 0.000000000 0.000000450
125 0.000001062 0.000000000 0.000000444
126 0.000001082 0.000000000 0.000000489
127 0.000001092 0.000000000 0.000000433
128 0.000001072 0.000000000 0.000000441
129 0.000001102 0.000000000 0.000000493
130 0.000001122 0.000000000 0.000000486
131 0.000001092 0.000000000 0.000000484
132 0.000001103 0.000000000 0.000000457
133 0.000001093 0.000000000 0.000000441
134 0.000001143 0.000000000 0.000000460
135 0.000001352 0.000000554 0.000000000
136 0.000001372 0.000000548 0.000000000
137 0.000001112 0.000000431 0.000000000
138 0.000001393 0.000000564 0.000000000
139 0.000001103 0.000000000 0.000000455
140 0.000001483 0.000000564 0.000000000
141 0.000001102 0.000000000 0.000000442
142 0.000001132 0.000000000 0.000000507
143 0.000001142 0.000000000 0.000000442
144 0.000001173 0.000000000 0.000000487
145 0.000001393 0.000000000 0.000000471
146 0.000001182 0.000000000 0.000000486
147 0.000001192 0.000000457 0.000000000
148 0.000001423 0.000000538 0.000000000
149 0.000001182 0.000000433 0.000000000
150 0.000001182 0.000000424 0.000000000
151 0.000001193 0.000000417 0.000000000
152 0.000001203 0.000000437 0.000000000
153 0.000001213 0.000000437 0.000000000
154 0.000001643 0.000000586 0.000000000
155 0.000001232 0.000000457 0.000000000
156 0.000001543 0.000000582 0.000000000
157 0.000001503 0.000000000 0.000000541
158 0.000001212 0.000000000 0.000000519
159 0.000001232 0.000000000 0.000000428
160 0.000001232 0.000000000 0.000000420
161 0.000001212 0.000000000 0.000000421
162 0.000001243 0.000000000 0.000000438
163 0.000001273 0.000000000 0.000000444
164 0.000001282 0.000000000 0.000000438
165 0.000001252 0.000000000 0.000000483
166 0.000001242 0.000000000 0.000000484
167 0.000001252 0.000000000 0.000000512
168 0.000001573 0.000000000 0.000000547
169 0.000001573 0.000000535 0.000000000
170 0.000001623 0.000000554 0.000000000
171 0.000001303 0.000000455 0.000000000
172 0.000001272 0.000000527 0.000000000
173 0.000001303 0.000000456 0.000000000
174 0.000001292 0.000000462 0.000000000
175 0.000001614 0.000000000 0.000000566
176 0.000001313 0.000000000 0.000000437
177 0.000001583 0.000000000 0.000000433
178 0.000001323 0.000000000 0.000000437
179 0.000001312 0.000000000 0.000000437
180 0.000001332 0.000000000 0.000000441
181 0.000001352 0.000000000 0.000000535
182 0.000001332 0.000000000 0.000000455
183 0.000001333 0.000000000 0.000000427
184 0.000001683 0.000000540 0.000000000
185 0.000001343 0.000000455 0.000000000
186 0.000001503 0.000000451 0.000000000
187 0.000001353 0.000000512 0.000000000
188 0.000001683 0.000000547 0.000000000
189 0.000001393 0.000000539 0.000000000
190 0.000001403 0.000000000 0.000000439
191 0.000001383 0.000000000 0.000000434
192 0.000001383 0.000000000 0.000000434
193 0.000001393 0.000000000 0.000000460
194 0.000001403 0.000000000 0.000000439
195 0.000001373 0.000000000 0.000000452
196 0.000001393 0.000000000 0.000000433
197 0.000001362 0.000000000 0.000000435
198 0.000001423 0.000000000 0.000000433
199 0.000001453 0.000000000 0.000000446
200 0.000001423 0.000000000 0.000000533
201 0.000001453 0.000000000 0.000000440
202 0.000001663 0.000000000 0.000000491
203 0.000001423 0.000000487 0.000000000
204 0.000001824 0.000000000 0.000000561
205 0.000001503 0.000000000 0.000000458
206 0.000001493 0.000000000 0.000000447
207 0.000001473 0.000000000 0.000000421
208 0.000001483 0.000000507 0.000000000
209 0.000001483 0.000000470 0.000000000
210 0.000001443 0.000000000 0.000000434
211 0.000001493 0.000000000 0.000000433
212 0.000001493 0.000000000 0.000000430
213 0.000001493 0.000000000 0.000000421
214 0.000001503 0.000000000 0.000000461
215 0.000001473 0.000000448 0.000000000
216 0.000001493 0.000000000 0.000000440
217 0.000001523 0.000000474 0.000000000
218 0.000001493 0.000000000 0.000000441
219 0.000001543 0.000000000 0.000000464
220 0.000001523 0.000000466 0.000000000
221 0.000001543 0.000000472 0.000000000
222 0.000001553 0.000000469 0.000000000
223 0.000001543 0.000000435 0.000000000
224 0.000001984 0.000000000 0.000000527
225 0.000002024 0.000000563 0.000000000
226 0.000001613 0.000000000 0.000000452
227 0.000001944 0.000000000 0.000000551
228 0.000001563 0.000000000 0.000000442
229 0.000001583 0.000000000 0.000000453
230 0.000001543 0.000000000 0.000000436
231 0.000001573 0.000000000 0.000000449
232 0.000001583 0.000000000 0.000000537
233 0.000001584 0.000000444 0.000000000
234 0.000001603 0.000000437 0.000000000
235 0.000001594 0.000000536 0.000000000
236 0.000001603 0.000000465 0.000000000
237 0.000001633 0.000000478 0.000000000
238 0.000001603 0.000000455 0.000000000
239 0.000001623 0.000000000 0.000000455
240 0.000001653 0.000000438 0.000000000
241 0.000001643 0.000000442 0.000000000
242 0.000001693 0.000000521 0.000000000
243 0.000001663 0.000000448 0.000000000
244 0.000001984 0.000000585 0.000000000
245 0.000001653 0.000000000 0.000000437
246 0.000001654 0.000000546 0.000000000
247 0.000001654 0.000000460 0.000000000
248 0.000001684 0.000000454 0.000000000
249 0.000001674 0.000000504 0.000000000
250 0.000001663 0.000000448 0.000000000
251 0.000001803 0.000000000 0.000000476
252 0.000002054 0.000000000 0.000000515
253 0.000001673 0.000000000 0.000000433
254 0.000001823 0.000000000 0.000000463
255 0.000001703 0.000000000 0.000000441
256 0.000001674 0.000000543 0.000000000
257 0.000001754 0.000000526 0.000000000
258 0.000001693 0.000000478 0.000000000
259 0.000001723 0.000000000 0.000000451
260 0.000001704 0.000000000 0.000000437
261 0.000002144 0.000000000 0.000000539
262 0.000001764 0.000000000 0.000000470
263 0.000002174 0.000000000 0.000000531
264 0.000001743 0.000000000 0.000000433
265 0.000001733 0.000000000 0.000000432
266 0.000001753 0.000000000 0.000000424
267 0.000001763 0.000000000 0.000000480
268 0.000001803 0.000000517 0.000000000
269 0.000002194 0.000000552 0.000000000
270 0.000001743 0.000000454 0.000000000
271 0.000001773 0.000000439 0.000000000
272 0.000001784 0.000000435 0.000000000
273 0.000001783 0.000000000 0.000000469
274 0.000001783 0.000000000 0.000000441
275 0.000001804 0.000000000 0.000000444
276 0.000001803 0.000000000 0.000000434
277 0.000001804 0.000000459 0.000000000
278 0.000001843 0.000000441 0.000000000
279 0.000002245 0.000000540 0.000000000
280 0.000001823 0.000000511 0.000000000
281 0.000002605 0.000000000 0.000000539
282 0.000002285 0.000000000 0.000000541
283 0.000002264 0.000000000 0.000000537
284 0.000001983 0.000000455 0.000000000
285 0.000001844 0.000000000 0.000000438
286 0.000002365 0.000000560 0.000000000
287 0.000001854 0.000000449 0.000000000
288 0.000001894 0.000000452 0.000000000
289 0.000001874 0.000000000 0.000000479
290 0.000001874 0.000000000 0.000000448
291 0.000001884 0.000000000 0.000000434
292 0.000002355 0.000000000 0.000000607
293 0.000001954 0.000000000 0.000000435
294 0.000001894 0.000000000 0.000000427
295 0.000001924 0.000000000 0.000000448
296 0.000001944 0.000000524 0.000000000
297 0.000002394 0.000000538 0.000000000
298 0.000002345 0.000000481 0.000000000
299 0.000001924 0.000000433 0.000000000
300 0.000001914 0.000000426 0.000000000
301 0.000001914 0.000000424 0.000000000
302 0.000001934 0.000000460 0.000000000
303 0.000001924 0.000000431 0.000000000
304 0.000002425 0.000000000 0.000000572
305 0.000001964 0.000000000 0.000000436
306 0.000001964 0.000000469 0.000000000
307 0.000002465 0.000000000 0.000000477
308 0.000001994 0.000000000 0.000000428
309 0.000001974 0.000000000 0.000000452
310 0.000002034 0.000000000 0.000000450
311 0.000001994 0.000000000 0.000000429
312 0.000001993 0.000000000 0.000000426
313 0.000001994 0.000000000 0.000000425
314 0.000002004 0.000000000 0.000000462
315 0.000002014 0.000000000 0.000000420
316 0.000002004 0.000000000 0.000000441
317 0.000002475 0.000000000 0.000000565
318 0.000002495 0.000000595 0.000000000
319 0.000002024 0.000000448 0.000000000
320 0.000002014 0.000000441 0.000000000
321 0.000002044 0.000000432 0.000000000
322 0.000001984 0.000000511 0.000000000
323 0.000002034 0.000000544 0.000000000
324 0.000002044 0.000000511 0.000000000
325 0.000002064 0.000000436 0.000000000
326 0.000002074 0.000000000 0.000000489
327 0.000002074 0.000000000 0.000000447
328 0.000002044 0.000000000 0.000000427
329 0.000002084 0.000000000 0.000000440
330 0.000002585 0.000000000 0.000000558
331 0.000002075 0.000000000 0.000000438
332 0.000002085 0.000000000 0.000000476
333 0.000002095 0.000000460 0.000000000
334 0.000002355 0.000000438 0.000000000
335 0.000002114 0.000000472 0.000000000
336 0.000002094 0.000000000 0.000000438
337 0.000002124 0.000000456 0.000000000
338 0.000002585 0.000000505 0.000000000
339 0.000002104 0.000000000 0.000000447
340 0.000002094 0.000000456 0.000000000
341 0.000002124 0.000000000 0.000000434
342 0.000002104 0.000000000 0.000000434
343 0.000002134 0.000000000 0.000000463
344 0.000002114 0.000000000 0.000000465
345 0.000002134 0.000000000 0.000000431
346 0.000002154 0.000000000 0.000000455
347 0.000002155 0.000000000 0.000000438
348 0.000002956 0.000000000 0.000000627
349 0.000002214 0.000000525 0.000000000
350 0.000002706 0.000000000 0.000000553
351 0.000002194 0.000000461 0.000000000
352 0.000002695 0.000000566 0.000000000
353 0.000002746 0.000000499 0.000000000
354 0.000002715 0.000000547 0.000000000
355 0.000002195 0.000000000 0.000000507
356 0.000002224 0.000000000 0.000000454
357 0.000002214 0.000000000 0.000000440
358 0.000002244 0.000000000 0.000000467
359 0.000002235 0.000000000 0.000000445
360 0.000002214 0.000000000 0.000000485
361 0.000002224 0.000000000 0.000000438
362 0.000002225 0.000000000 0.000000470
363 0.000002205 0.000000000 0.000000444
364 0.000002816 0.000000534 0.000000000
365 0.000002224 0.000000000 0.000000487
366 0.000002254 0.000000437 0.000000000
367 0.000002234 0.000000516 0.000000000
368 0.000002245 0.000000000 0.000000440
369 0.000002806 0.000000557 0.000000000
370 0.000002265 0.000000436 0.000000000
371 0.000002275 0.000000452 0.000000000
372 0.000002285 0.000000000 0.000000432
373 0.000002264 0.000000000 0.000000541
374 0.000002284 0.000000000 0.000000442
375 0.000002264 0.000000000 0.000000446
376 0.000002304 0.000000000 0.000000541
377 0.000002295 0.000000000 0.000000434
378 0.000002294 0.000000000 0.000000446
379 0.000002315 0.000000000 0.000000433
380 0.000002304 0.000000000 0.000000479
381 0.000002324 0.000000000 0.000000452
382 0.000002304 0.000000000 0.000000439
383 0.000002335 0.000000000 0.000000438
384 0.000002334 0.000000000 0.000000455
385 0.000002325 0.000000000 0.000000432
386 0.000002354 0.000000000 0.000000496
387 0.000002956 0.000000000 0.000000542
388 0.000002906 0.000000471 0.000000000
389 0.000002344 0.000000485 0.000000000
390 0.000002344 0.000000442 0.000000000
391 0.000002375 0.000000000 0.000000446
392 0.000002335 0.000000000 0.000000494
393 0.000002375 0.000000000 0.000000440
394 0.000002405 0.000000000 0.000000516
395 0.000002424 0.000000000 0.000000428
396 0.000002375 0.000000000 0.000000426
397 0.000002415 0.000000000 0.000000487
398 0.000002425 0.000000000 0.000000442
399 0.000002465 0.000000000 0.000000449
400 0.000002425 0.000000000 0.000000461
401 0.000002435 0.000000000 0.000000522
402 0.000002414 0.000000000 0.000000431
403 0.000002425 0.000000000 0.000000455
404 0.000003046 0.000000000 0.000000559
405 0.000002455 0.000000000 0.000000446
406 0.000002425 0.000000000 0.000000423
407 0.000002455 0.000000000 0.000000478
408 0.000002445 0.000000000 0.000000451
409 0.000002455 0.000000000 0.000000431
410 0.000002445 0.000000000 0.000000427
411 0.000002495 0.000000000 0.000000430
412 0.000002465 0.000000000 0.000000436
413 0.000002464 0.000000000 0.000000439
414 0.000002515 0.000000000 0.000000442
415 0.000002485 0.000000431 0.000000000
416 0.000002495 0.000000443 0.000000000
417 0.000002525 0.000000495 0.000000000
418 0.000003127 0.000000000 0.000000565
419 0.000002495 0.000000000 0.000000456
420 0.000002525 0.000000000 0.000000445
421 0.000002545 0.000000000 0.000000437
422 0.000002896 0.000000000 0.000000430
423 0.000002505 0.000000000 0.000000509
424 0.000002565 0.000000000 0.000000451
425 0.000002505 0.000000000 0.000000438
426 0.000002605 0.000000464 0.000000000
427 0.000002595 0.000000448 0.000000000
428 0.000003176 0.000000547 0.000000000
429 0.000002566 0.000000464 0.000000000
430 0.000002555 0.000000533 0.000000000
431 0.000003206 0.000000000 0.000000552
432 0.000002886 0.000000000 0.000000542
433 0.000003206 0.000000000 0.000000549
434 0.000002595 0.000000000 0.000000434
435 0.000002575 0.000000000 0.000000459
436 0.000002595 0.000000000 0.000000520
437 0.000002605 0.000000000 0.000000445
438 0.000002635 0.000000469 0.000000000
439 0.000002595 0.000000000 0.000000426
440 0.000002615 0.000000000 0.000000449
441 0.000002625 0.000000000 0.000000522
442 0.000002645 0.000000000 0.000000427
443 0.000002606 0.000000000 0.000000512
444 0.000002615 0.000000000 0.000000515
445 0.000002605 0.000000432 0.000000000
446 0.000002645 0.000000457 0.000000000
447 0.000002625 0.000000476 0.000000000
448 0.000002666 0.000000523 0.000000000
449 0.000002675 0.000000478 0.000000000
450 0.000002635 0.000000453 0.000000000
451 0.000002676 0.000000429 0.000000000
452 0.000002685 0.000000000 0.000000427
453 0.000002676 0.000000000 0.000000532
454 0.000002755 0.000000465 0.000000000
455 0.000002675 0.000000462 0.000000000
456 0.000002675 0.000000448 0.000000000
457 0.000002725 0.000000438 0.000000000
458 0.000002715 0.000000000 0.000000434
459 0.000002706 0.000000512 0.000000000
460 0.000002675 0.000000000 0.000000425
461 0.000002736 0.000000439 0.000000000
462 0.000002726 0.000000000 0.000000433
463 0.000002675 0.000000000 0.000000478
464 0.000002746 0.000000518 0.000000000
465 0.000003798 0.000000661 0.000000000
466 0.000002735 0.000000000 0.000000444
467 0.000002746 0.000000000 0.000000448
468 0.000002756 0.000000000 0.000000453
469 0.000003456 0.000000000 0.000000541
470 0.000007415 0.000000000 0.000000459
471 0.000011644 0.000000463 0.000000000
472 0.000002795 0.000000457 0.000000000
473 0.000002795 0.000000000 0.000000469
474 0.000002745 0.000000431 0.000000000
475 0.000003477 0.000000488 0.000000000
476 0.000002795 0.000000472 0.000000000
477 0.000002806 0.000000426 0.000000000
478 0.000002786 0.000000513 0.000000000
479 0.000002796 0.000000440 0.000000000
480 0.000002796 0.000000435 0.000000000
481 0.000002786 0.000000000 0.000000437
482 0.000002835 0.000000000 0.000000454
483 0.000002815 0.000000543 0.000000000
484 0.000002835 0.000000000 0.000000508
485 0.000002846 0.000000447 0.000000000
486 0.000003557 0.000000550 0.000000000
487 0.000003537 0.000000000 0.000000548
488 0.000002846 0.000000000 0.000000428
489 0.000003557 0.000000000 0.000000530
490 0.000002916 0.000000000 0.000000448
491 0.000003587 0.000000000 0.000000532
492 0.000002875 0.000000000 0.000000436
493 0.000002896 0.000000552 0.000000000
494 0.000002886 0.000000507 0.000000000
495 0.000002876 0.000000462 0.000000000
496 0.000002906 0.000000000 0.000000458
497 0.000003627 0.000000000 0.000000566
498 0.000002916 0.000000000 0.000000451
499 0.000003648 0.000000000 0.000000555
500 0.000002905 0.000000000 0.000000454
501 0.000002906 0.000000000 0.000000500
502 0.000002926 0.000000000 0.000000450
503 0.000002926 0.000000000 0.000000470
504 0.000002956 0.000000000 0.000000428
505 0.000003747 0.000000539 0.000000000
506 0.000002926 0.000000000 0.000000458
507 0.000003336 0.000000000 0.000000462
508 0.000002986 0.000000461 0.000000000
509 0.000002955 0.000000490 0.000000000
510 0.000002996 0.000000435 0.000000000
511 0.000002966 0.000000000 0.000000469
512 0.000003006 0.000000477 0.000000000
513 0.000002966 0.000000506 0.000000000
514 0.000002966 0.000000465 0.000000000
515 0.000003036 0.000000458 0.000000000
516 0.000003216 0.000000473 0.000000000
517 0.000003357 0.000000000 0.000000473
518 0.000002996 0.000000000 0.000000456
519 0.000003046 0.000000000 0.000000448
520 0.000003006 0.000000000 0.000000462
521 0.000003066 0.000000000 0.000000447
522 0.000003006 0.000000000 0.000000436
523 0.000003036 0.000000000 0.000000466
524 0.000003026 0.000000000 0.000000473
525 0.000003768 0.000000542 0.000000000
526 0.000003036 0.000000447 0.000000000
527 0.000003036 0.000000461 0.000000000
528 0.000003046 0.000000440 0.000000000
529 0.000003066 0.000000476 0.000000000
530 0.000003067 0.000000476 0.000000000
531 0.000003056 0.000000478 0.000000000
532 0.000003066 0.000000000 0.000000436
533 0.000003066 0.000000435 0.000000000
534 0.000003086 0.000000000 0.000000430
535 0.000003106 0.000000000 0.000000430
536 0.000003076 0.000000000 0.000000472
537 0.000003087 0.000000000 0.000000468
538 0.000003106 0.000000000 0.000000467
539 0.000003106 0.000000000 0.000000524
540 0.000003126 0.000000000 0.000000465
541 0.000003086 0.000000000 0.000000433
542 0.000003126 0.000000000 0.000000470
543 0.000003116 0.000000000 0.000000455
544 0.000003116 0.000000479 0.000000000
545 0.000003908 0.000000567 0.000000000
546 0.000003157 0.000000000 0.000000463
547 0.000003136 0.000000000 0.000000472
548 0.000003127 0.000000435 0.000000000
549 0.000003166 0.000000440 0.000000000
550 0.000003176 0.000000000 0.000000432
551 0.000003187 0.000000000 0.000000436
552 0.000003638 0.000000000 0.000000505
553 0.000003177 0.000000000 0.000000447
554 0.000004018 0.000000000 0.000000575
555 0.000003366 0.000000545 0.000000000
556 0.000003217 0.000000445 0.000000000
557 0.000003176 0.000000000 0.000000427
558 0.000003216 0.000000000 0.000000425
559 0.000003176 0.000000000 0.000000435
560 0.000003227 0.000000000 0.000000451
561 0.000004018 0.000000555 0.000000000
562 0.000003237 0.000000475 0.000000000
563 0.000004008 0.000000544 0.000000000
564 0.000004028 0.000000551 0.000000000
565 0.000003257 0.000000443 0.000000000
566 0.000003226 0.000000462 0.000000000
567 0.000003256 0.000000546 0.000000000
568 0.000003246 0.000000454 0.000000000
569 0.000003236 0.000000000 0.000000434
570 0.000003277 0.000000563 0.000000000
571 0.000003557 0.000000000 0.000000449
572 0.000003257 0.000000000 0.000000440
573 0.000003276 0.000000000 0.000000426
574 0.000003277 0.000000000 0.000000437
575 0.000003267 0.000000529 0.000000000
576 0.000003266 0.000000437 0.000000000
577 0.000003257 0.000000000 0.000000467
578 0.000003287 0.000000000 0.000000484
579 0.000003307 0.000000000 0.000000435
580 0.000003306 0.000000000 0.000000483
581 0.000003297 0.000000000 0.000000440
582 0.000003377 0.000000000 0.000000440
583 0.000003317 0.000000000 0.000000473
584 0.000004158 0.000000000 0.000000543
585 0.000003587 0.000000000 0.000000432
586 0.000003386 0.000000000 0.000000432
587 0.000003357 0.000000451 0.000000000
588 0.000004178 0.000000544 0.000000000
589 0.000004188 0.000000573 0.000000000
590 0.000003346 0.000000501 0.000000000
591 0.000003366 0.000000445 0.000000000
592 0.000004258 0.000000537 0.000000000
593 0.000003367 0.000000471 0.000000000
594 0.000003357 0.000000485 0.000000000
595 0.000003387 0.000000474 0.000000000
596 0.000003387 0.000000000 0.000000441
597 0.000003417 0.000000435 0.000000000
598 0.000003367 0.000000430 0.000000000
599 0.000003406 0.000000000 0.000000447
600 0.000003397 0.000000000 0.000000445
601 0.000003417 0.000000000 0.000000453
602 0.000004278 0.000000000 0.000000511
603 0.000003406 0.000000000 0.000000443
604 0.000003427 0.000000000 0.000000436
605 0.000003427 0.000000442 0.000000000
606 0.000003437 0.000000438 0.000000000
607 0.000004309 0.000000535 0.000000000
608 0.000003437 0.000000452 0.000000000
609 0.000004309 0.000000562 0.000000000
610 0.000003477 0.000000000 0.000000539
611 0.000003476 0.000000000 0.000000520
612 0.000003487 0.000000000 0.000000434
613 0.000003477 0.000000000 0.000000449
614 0.000003476 0.000000000 0.000000431
615 0.000004428 0.000000000 0.000000557
616 0.000003487 0.000000000 0.000000434
617 0.000003487 0.000000000 0.000000468
618 0.000003477 0.000000435 0.000000000
619 0.000004399 0.000000468 0.000000000
620 0.000003487 0.000000438 0.000000000
621 0.000003527 0.000000453 0.000000000
622 0.000003517 0.000000000 0.000000477
623 0.000003507 0.000000461 0.000000000
624 0.000003507 0.000000000 0.000000527
625 0.000003537 0.000000000 0.000000440
626 0.000004429 0.000000000 0.000000547
627 0.000003597 0.000000475 0.000000000
628 0.000003557 0.000000447 0.000000000
629 0.000003567 0.000000438 0.000000000
630 0.000004419 0.000000540 0.000000000
631 0.000003557 0.000000435 0.000000000
632 0.000003547 0.000000000 0.000000442
633 0.000003557 0.000000000 0.000000454
634 0.000003567 0.000000000 0.000000448
635 0.000003557 0.000000000 0.000000448
636 0.000003597 0.000000000 0.000000442
637 0.000004499 0.000000565 0.000000000
638 0.000003667 0.000000431 0.000000000
639 0.000003607 0.000000000 0.000000437
640 0.000003617 0.000000443 0.000000000
641 0.000003607 0.000000448 0.000000000
642 0.000004529 0.000000458 0.000000000
643 0.000004509 0.000000558 0.000000000
644 0.000004508 0.000000542 0.000000000
645 0.000003618 0.000000460 0.000000000
646 0.000003637 0.000000457 0.000000000
647 0.000003638 0.000000000 0.000000437
648 0.000003617 0.000000000 0.000000503
649 0.000003637 0.000000000 0.000000503
650 0.000003647 0.000000000 0.000000431
651 0.000003638 0.000000000 0.000000430
652 0.000003657 0.000000000 0.000000433
653 0.000003657 0.000000000 0.000000424
654 0.000003677 0.000000000 0.000000423
655 0.000003677 0.000000000 0.000000504
656 0.000003688 0.000000000 0.000000434
657 0.000003677 0.000000000 0.000000516
658 0.000003678 0.000000000 0.000000435
659 0.000003807 0.000000000 0.000000463
660 0.000003698 0.000000476 0.000000000
661 0.000003717 0.000000473 0.000000000
662 0.000003727 0.000000479 0.000000000
663 0.000003717 0.000000467 0.000000000
664 0.000004679 0.000000548 0.000000000
665 0.000003727 0.000000000 0.000000462
666 0.000003768 0.000000000 0.000000465
667 0.000004759 0.000000564 0.000000000
668 0.000005150 0.000000507 0.000000000
669 0.000003787 0.000000454 0.000000000
670 0.000004269 0.000000441 0.000000000
671 0.000004720 0.000000000 0.000000468
672 0.000003748 0.000000440 0.000000000
673 0.000005351 0.000000651 0.000000000
674 0.000003777 0.000000000 0.000000440
675 0.000003777 0.000000000 0.000000441
676 0.000003808 0.000000000 0.000000454
677 0.000003758 0.000000000 0.000000466
678 0.000003777 0.000000000 0.000000439
679 0.000003787 0.000000000 0.000000445
680 0.000003788 0.000000000 0.000000517
681 0.000003798 0.000000517 0.000000000
682 0.000003838 0.000000455 0.000000000
683 0.000003807 0.000000469 0.000000000
684 0.000004779 0.000000526 0.000000000
685 0.000003818 0.000000500 0.000000000
686 0.000003838 0.000000435 0.000000000
687 0.000004819 0.000000000 0.000000533
688 0.000003828 0.000000000 0.000000439
689 0.000003838 0.000000000 0.000000438
690 0.000004799 0.000000000 0.000000532
691 0.000003847 0.000000000 0.000000527
692 0.000003898 0.000000000 0.000000438
693 0.000004569 0.000000000 0.000000538
694 0.000003858 0.000000000 0.000000429
695 0.000003868 0.000000000 0.000000523
696 0.000004018 0.000000433 0.000000000
697 0.000004398 0.000000449 0.000000000
698 0.000004860 0.000000503 0.000000000
699 0.000003908 0.000000530 0.000000000
700 0.000004880 0.000000000 0.000000555
701 0.000003927 0.000000000 0.000000443
702 0.000003918 0.000000000 0.000000470
703 0.000003918 0.000000000 0.000000529
704 0.000003928 0.000000442 0.000000000
705 0.000003968 0.000000457 0.000000000
706 0.000003938 0.000000517 0.000000000
707 0.000004900 0.000000000 0.000000509
708 0.000003938 0.000000458 0.000000000
709 0.000004909 0.000000000 0.000000534
710 0.000004950 0.000000551 0.000000000
711 0.000003978 0.000000000 0.000000434
712 0.000005061 0.000000000 0.000000536
713 0.000003968 0.000000000 0.000000483
714 0.000003978 0.000000529 0.000000000
715 0.000003988 0.000000453 0.000000000
716 0.000003978 0.000000507 0.000000000
717 0.000004018 0.000000507 0.000000000
718 0.000004068 0.000000441 0.000000000
719 0.000004318 0.000000444 0.000000000
720 0.000004018 0.000000458 0.000000000
721 0.000003987 0.000000000 0.000000509
722 0.000005020 0.000000556 0.000000000
723 0.000004128 0.000000000 0.000000457
724 0.000004028 0.000000000 0.000000440
725 0.000004018 0.000000000 0.000000431
726 0.000004028 0.000000000 0.000000444
727 0.000004008 0.000000000 0.000000437
728 0.000004099 0.000000459 0.000000000
729 0.000004038 0.000000448 0.000000000
730 0.000004048 0.000000462 0.000000000
731 0.000004038 0.000000475 0.000000000
732 0.000005060 0.000000585 0.000000000
733 0.000004068 0.000000000 0.000000446
734 0.000004108 0.000000000 0.000000449
735 0.000004078 0.000000000 0.000000445
736 0.000004098 0.000000000 0.000000469
737 0.000004068 0.000000454 0.000000000
738 0.000004088 0.000000450 0.000000000
739 0.000004088 0.000000445 0.000000000
740 0.000004148 0.000000454 0.000000000
741 0.000004108 0.000000439 0.000000000
742 0.000004168 0.000000457 0.000000000
743 0.000004188 0.000000000 0.000000440
744 0.000004419 0.000000499 0.000000000
745 0.000004118 0.000000456 0.000000000
746 0.000005190 0.000000562 0.000000000
747 0.000004128 0.000000000 0.000000480
748 0.000005140 0.000000541 0.000000000
749 0.000004148 0.000000000 0.000000436
750 0.000004118 0.000000000 0.000000440
751 0.000004148 0.000000000 0.000000431
752 0.000004148 0.000000000 0.000000439
753 0.000005190 0.000000000 0.000000560
754 0.000004178 0.000000000 0.000000454
755 0.000004138 0.000000000 0.000000449
756 0.000004198 0.000000000 0.000000438
757 0.000004178 0.000000000 0.000000451
758 0.000004208 0.000000465 0.000000000
759 0.000004199 0.000000513 0.000000000
760 0.000004189 0.000000430 0.000000000
761 0.000004208 0.000000461 0.000000000
762 0.000004208 0.000000457 0.000000000
763 0.000005300 0.000000000 0.000000552
764 0.000004219 0.000000000 0.000000444
765 0.000004218 0.000000000 0.000000430
766 0.000004259 0.000000000 0.000000430
767 0.000004229 0.000000000 0.000000482
768 0.000005301 0.000000000 0.000000545
769 0.000004248 0.000000000 0.000000424
770 0.000004269 0.000000475 0.000000000
771 0.000004248 0.000000000 0.000000469
772 0.000005301 0.000000000 0.000000534
773 0.000004259 0.000000000 0.000000435
774 0.000005361 0.000000000 0.000000557
775 0.000004268 0.000000000 0.000000437
776 0.000004268 0.000000000 0.000000445
777 0.000005310 0.000000000 0.000000595
778 0.000004348 0.000000446 0.000000000
779 0.000004288 0.000000000 0.000000441
780 0.000004298 0.000000000 0.000000465
781 0.000004308 0.000000000 0.000000438
782 0.000005380 0.000000000 0.000000550
783 0.000004389 0.000000440 0.000000000
784 0.000005410 0.000000552 0.000000000
785 0.000004358 0.000000455 0.000000000
786 0.000004339 0.000000461 0.000000000
787 0.000004359 0.000000460 0.000000000
788 0.000004328 0.000000509 0.000000000
789 0.000004368 0.000000446 0.000000000
790 0.000004329 0.000000000 0.000000440
791 0.000004328 0.000000000 0.000000432
792 0.000004339 0.000000000 0.000000445
793 0.000005421 0.000000000 0.000000507
794 0.000004369 0.000000000 0.000000446
795 0.000005451 0.000000000 0.000000534
796 0.000004369 0.000000000 0.000000439
797 0.000004369 0.000000000 0.000000433
798 0.000004378 0.000000000 0.000000447
799 0.000005901 0.000000575 0.000000000
800 0.000009639 0.000000000 0.000000430
801 0.000005461 0.000000545 0.000000000
802 0.000004680 0.000000496 0.000000000
803 0.000004408 0.000000465 0.000000000
804 0.000004398 0.000000000 0.000000477
805 0.000004770 0.000000000 0.000000468
806 0.000004439 0.000000000 0.000000460
807 0.000004449 0.000000000 0.000000436
808 0.000004469 0.000000000 0.000000446
809 0.000004479 0.000000000 0.000000443
810 0.000004429 0.000000000 0.000000461
811 0.000004439 0.000000000 0.000000476
812 0.000004468 0.000000000 0.000000480
813 0.000004439 0.000000000 0.000000432
814 0.000004459 0.000000000 0.000000453
815 0.000004459 0.000000000 0.000000442
816 0.000004639 0.000000000 0.000000500
817 0.000004449 0.000000000 0.000000440
818 0.000004890 0.000000618 0.000000000
819 0.000004509 0.000000000 0.000000466
820 0.000004498 0.000000468 0.000000000
821 0.000004499 0.000000000 0.000000497
822 0.000004529 0.000000000 0.000000454
823 0.000004549 0.000000000 0.000000450
824 0.000004529 0.000000000 0.000000438
825 0.000004629 0.000000000 0.000000432
826 0.000004539 0.000000000 0.000000517
827 0.000004539 0.000000000 0.000000470
828 0.000004539 0.000000000 0.000000478
829 0.000004529 0.000000000 0.000000463
830 0.000004599 0.000000000 0.000000437
831 0.000005671 0.000000000 0.000000512
832 0.000004679 0.000000439 0.000000000
833 0.000004549 0.000000000 0.000000431
834 0.000004569 0.000000000 0.000000441
835 0.000004579 0.000000000 0.000000466
836 0.000005832 0.000000564 0.000000000
837 0.000004580 0.000000499 0.000000000
838 0.000004699 0.000000442 0.000000000
839 0.000005200 0.000000539 0.000000000
840 0.000004579 0.000000000 0.000000453
841 0.000004990 0.000000000 0.000000496
842 0.000004599 0.000000000 0.000000528
843 0.000004599 0.000000000 0.000000466
844 0.000004599 0.000000000 0.000000444
845 0.000004649 0.000000463 0.000000000
846 0.000004639 0.000000452 0.000000000
847 0.000004699 0.000000451 0.000000000
848 0.000005771 0.000000000 0.000000551
849 0.000004629 0.000000439 0.000000000
850 0.000004669 0.000000515 0.000000000
851 0.000005801 0.000000540 0.000000000
852 0.000004689 0.000000000 0.000000438
853 0.000004659 0.000000439 0.000000000
854 0.000004649 0.000000474 0.000000000
855 0.000004649 0.000000436 0.000000000
856 0.000004659 0.000000000 0.000000431
857 0.000004730 0.000000000 0.000000428
858 0.000004689 0.000000000 0.000000527
859 0.000004680 0.000000000 0.000000440
860 0.000004700 0.000000000 0.000000441
861 0.000004659 0.000000000 0.000000445
862 0.000004679 0.000000000 0.000000478
863 0.000004719 0.000000000 0.000000443
864 0.000004719 0.000000000 0.000000448
865 0.000004730 0.000000000 0.000000437
866 0.000004720 0.000000000 0.000000453
867 0.000004739 0.000000000 0.000000435
868 0.000004719 0.000000000 0.000000430
869 0.000004739 0.000000000 0.000000450
870 0.000004739 0.000000000 0.000000475
871 0.000004940 0.000000449 0.000000000
872 0.000005952 0.000000565 0.000000000
873 0.000006002 0.000000494 0.000000000
874 0.000006022 0.000000569 0.000000000
875 0.000004779 0.000000000 0.000000444
876 0.000004790 0.000000000 0.000000435
877 0.000004799 0.000000000 0.000000534
878 0.000005922 0.000000000 0.000000501
879 0.000005952 0.000000550 0.000000000
880 0.000004790 0.000000437 0.000000000
881 0.000004810 0.000000473 0.000000000
882 0.000006022 0.000000572 0.000000000
883 0.000004799 0.000000000 0.000000459
884 0.000004819 0.000000000 0.000000553
885 0.000004819 0.000000000 0.000000458
886 0.000004830 0.000000000 0.000000446
887 0.000004829 0.000000000 0.000000435
888 0.000004830 0.000000000 0.000000437
889 0.000004840 0.000000000 0.000000440
890 0.000004860 0.000000000 0.000000428
891 0.000004869 0.000000000 0.000000453
892 0.000004839 0.000000000 0.000000461
893 0.000004859 0.000000000 0.000000541
894 0.000004870 0.000000000 0.000000509
895 0.000004880 0.000000000 0.000000434
896 0.000004850 0.000000000 0.000000432
897 0.000004860 0.000000000 0.000000490
898 0.000004879 0.000000465 0.000000000
899 0.000006082 0.000000598 0.000000000
900 0.000004879 0.000000000 0.000000459
901 0.000004890 0.000000000 0.000000460
902 0.000004910 0.000000000 0.000000457
903 0.000004890 0.000000000 0.000000431
904 0.000004919 0.000000000 0.000000438
905 0.000004920 0.000000000 0.000000435
906 0.000005080 0.000000000 0.000000514
907 0.000004980 0.000000000 0.000000441
908 0.000004949 0.000000000 0.000000461
909 0.000004900 0.000000464 0.000000000
910 0.000004969 0.000000448 0.000000000
911 0.000005050 0.000000477 0.000000000
912 0.000004950 0.000000000 0.000000494
913 0.000005211 0.000000000 0.000000526
914 0.000005070 0.000000496 0.000000000
915 0.000004940 0.000000000 0.000000473
916 0.000006222 0.000000000 0.000000557
917 0.000004999 0.000000000 0.000000458
918 0.000004990 0.000000000 0.000000446
919 0.000004969 0.000000000 0.000000436
920 0.000005110 0.000000000 0.000000525
921 0.000004979 0.000000000 0.000000440
922 0.000005000 0.000000000 0.000000454
923 0.000005010 0.000000465 0.000000000
924 0.000005020 0.000000000 0.000000506
925 0.000005110 0.000000584 0.000000000
926 0.000005040 0.000000493 0.000000000
927 0.000005000 0.000000463 0.000000000
928 0.000006252 0.000000505 0.000000000
929 0.000005020 0.000000441 0.000000000
930 0.000006302 0.000000000 0.000000573
931 0.000005121 0.000000000 0.000000430
932 0.000005060 0.000000000 0.000000433
933 0.000005161 0.000000000 0.000000541
934 0.000005060 0.000000000 0.000000461
935 0.000005100 0.000000000 0.000000529
936 0.000009419 0.000000000 0.000000438
937 0.000005110 0.000000000 0.000000433
938 0.000005040 0.000000000 0.000000537
939 0.000005080 0.000000544 0.000000000
940 0.000005080 0.000000457 0.000000000
941 0.000005080 0.000000000 0.000000493
942 0.000005070 0.000000000 0.000000442
943 0.000006372 0.000000000 0.000000558
944 0.000005481 0.000000000 0.000000447
945 0.000005110 0.000000000 0.000000446
946 0.000005131 0.000000000 0.000000431
947 0.000005120 0.000000000 0.000000437
948 0.000005140 0.000000000 0.000000548
949 0.000005150 0.000000000 0.000000447
950 0.000005120 0.000000000 0.000000454
951 0.000005130 0.000000000 0.000000561
952 0.000006413 0.000000000 0.000000514
953 0.000006433 0.000000548 0.000000000
954 0.000005160 0.000000440 0.000000000
955 0.000005130 0.000000486 0.000000000
956 0.000005150 0.000000455 0.000000000
957 0.000005180 0.000000462 0.000000000
958 0.000006493 0.000000542 0.000000000
959 0.000005181 0.000000000 0.000000451
960 0.000005170 0.000000451 0.000000000
961 0.000005291 0.000000000 0.000000442
962 0.000006483 0.000000000 0.000000541
963 0.000006483 0.000000000 0.000000540
964 0.000005230 0.000000000 0.000000447
965 0.000005191 0.000000000 0.000000434
966 0.000005440 0.000000000 0.000000514
967 0.000005211 0.000000000 0.000000433
968 0.000005270 0.000000000 0.000000438
969 0.000005251 0.000000000 0.000000436
970 0.000005251 0.000000000 0.000000439
971 0.000006563 0.000000000 0.000000523
972 0.000005291 0.000000524 0.000000000
973 0.000005261 0.000000437 0.000000000
974 0.000005231 0.000000492 0.000000000
975 0.000006593 0.000000498 0.000000000
976 0.000005271 0.000000518 0.000000000
977 0.000006513 0.000000563 0.000000000
978 0.000005301 0.000000000 0.000000440
979 0.000005290 0.000000000 0.000000462
980 0.000005301 0.000000000 0.000000443
981 0.000005321 0.000000000 0.000000437
982 0.000005290 0.000000000 0.000000433
983 0.000005311 0.000000000 0.000000455
984 0.000005321 0.000000000 0.000000439
985 0.000005331 0.000000000 0.000000442
986 0.000005330 0.000000000 0.000000440
987 0.000005311 0.000000000 0.000000443
988 0.000005331 0.000000000 0.000000458
989 0.000005781 0.000000000 0.000000478
990 0.000005361 0.000000488 0.000000000
991 0.000005370 0.000000492 0.000000000
992 0.000005310 0.000000492 0.000000000
993 0.000005340 0.000000000 0.000000440
994 0.000005370 0.000000000 0.000000456
995 0.000006704 0.000000000 0.000000540
996 0.000005892 0.000000000 0.000000575
997 0.000005371 0.000000000 0.000000443
998 0.000005360 0.000000453 0.000000000
999 0.000005411 0.000000000 0.000000448
1000 0.000005401 0.000000000 0.000000435
1001 0.000005380 0.000000000 0.000000486
1002 0.000005370 0.000000000 0.000000464
1003 0.000006753 0.000000000 0.000000575
1004 0.000005781 0.000000453 0.000000000
1005 0.000005420 0.000000000 0.000000438
1006 0.000005390 0.000000547 0.000000000
1007 0.000005531 0.000000451 0.000000000
1008 0.000005430 0.000000486 0.000000000
1009 0.000005421 0.000000486 0.000000000
1010 0.000005451 0.000000455 0.000000000
1011 0.000005441 0.000000436 0.000000000
1012 0.000005511 0.000000435 0.000000000
1013 0.000005571 0.000000000 0.000000442
1014 0.000005551 0.000000000 0.000000431
1015 0.000005451 0.000000000 0.000000434
1016 0.000006823 0.000000000 0.000000557
1017 0.000005441 0.000000000 0.000000431
1018 0.000005521 0.000000000 0.000000475
1019 0.000005981 0.000000000 0.000000446
1020 0.000005481 0.000000000 0.000000447
1021 0.000005481 0.000000000 0.000000472
1022 0.000006894 0.000000587 0.000000000
1023 0.000005891 0.000000587 0.000000000
1024 0.000005511 0.000000000 0.000000491
1025 0.000005741 0.000000504 0.000000000
1026 0.000005511 0.000000000 0.000000474
1027 0.000006893 0.000000000 0.000000532
1028 0.000006904 0.000000000 0.000000561
1029 0.000005511 0.000000000 0.000000443
1030 0.000006934 0.000000000 0.000000557
1031 0.000005811 0.000000507 0.000000000
1032 0.000005561 0.000000440 0.000000000
1033 0.000005901 0.000000548 0.000000000
1034 0.000005571 0.000000000 0.000000483
1035 0.000005571 0.000000000 0.000000471
1036 0.000005561 0.000000000 0.000000535
1037 0.000005551 0.000000000 0.000000442
1038 0.000005571 0.000000000 0.000000451
1039 0.000005601 0.000000000 0.000000455
1040 0.000006964 0.000000000 0.000000553
1041 0.000005591 0.000000000 0.000000447
1042 0.000005581 0.000000000 0.000000445
1043 0.000005601 0.000000000 0.000000479
1044 0.000005621 0.000000492 0.000000000
1045 0.000005591 0.000000000 0.000000446
1046 0.000005611 0.000000451 0.000000000
1047 0.000010270 0.000000000 0.000000443
1048 0.000007074 0.000000479 0.000000000
1049 0.000007044 0.000000000 0.000000549
1050 0.000005651 0.000000464 0.000000000
1051 0.000007044 0.000000551 0.000000000
1052 0.000005641 0.000000442 0.000000000
1053 0.000005631 0.000000435 0.000000000
1054 0.000005651 0.000000000 0.000000559
1055 0.000005672 0.000000000 0.000000447
1056 0.000005691 0.000000456 0.000000000
1057 0.000005671 0.000000543 0.000000000
1058 0.000005681 0.000000000 0.000000513
1059 0.000005681 0.000000000 0.000000431
1060 0.000005691 0.000000000 0.000000452
1061 0.000005681 0.000000000 0.000000488
1062 0.000005681 0.000000000 0.000000440
1063 0.000007104 0.000000545 0.000000000
1064 0.000005711 0.000000465 0.000000000
1065 0.000005702 0.000000444 0.000000000
1066 0.000007144 0.000000560 0.000000000
1067 0.000005711 0.000000431 0.000000000
1068 0.000005732 0.000000483 0.000000000
1069 0.000005701 0.000000000 0.000000452
1070 0.000005711 0.000000000 0.000000542
1071 0.000007185 0.000000000 0.000000548
1072 0.000005721 0.000000000 0.000000439
1073 0.000005742 0.000000000 0.000000472
1074 0.000005761 0.000000000 0.000000436
1075 0.000006122 0.000000438 0.000000000
1076 0.000005732 0.000000469 0.000000000
1077 0.000005741 0.000000469 0.000000000
1078 0.000006203 0.000000000 0.000000481
1079 0.000005761 0.000000000 0.000000446
1080 0.000005832 0.000000456 0.000000000
1081 0.000007234 0.000000581 0.000000000
1082 0.000005812 0.000000000 0.000000438
1083 0.000005782 0.000000000 0.000000435
1084 0.000005792 0.000000000 0.000000442
1085 0.000005812 0.000000000 0.000000445
1086 0.000005792 0.000000000 0.000000436
1087 0.000005912 0.000000000 0.000000451
1088 0.000005821 0.000000000 0.000000493
1089 0.000005791 0.000000000 0.000000455
1090 0.000005841 0.000000000 0.000000441
1091 0.000005822 0.000000000 0.000000429
1092 0.000005852 0.000000000 0.000000435
1093 0.000007294 0.000000000 0.000000508
1094 0.000005882 0.000000456 0.000000000
1095 0.000006002 0.000000485 0.000000000
1096 0.000005852 0.000000464 0.000000000
1097 0.000005992 0.000000442 0.000000000
1098 0.000005872 0.000000000 0.000000446
1099 0.000005942 0.000000000 0.000000510
1100 0.000005892 0.000000000 0.000000423
1101 0.000005901 0.000000000 0.000000455
1102 0.000005892 0.000000457 0.000000000
1103 0.000007345 0.000000567 0.000000000
1104 0.000007525 0.000000554 0.000000000
1105 0.000005891 0.000000000 0.000000454
1106 0.000007365 0.000000000 0.000000497
1107 0.000008156 0.000000450 0.000000000
1108 0.000005951 0.000000481 0.000000000
1109 0.000005962 0.000000449 0.000000000
1110 0.000007425 0.000000553 0.000000000
1111 0.000007505 0.000000000 0.000000487
1112 0.000006392 0.000000472 0.000000000
1113 0.000005932 0.000000462 0.000000000
1114 0.000005942 0.000000000 0.000000483
1115 0.000005942 0.000000000 0.000000448
1116 0.000005971 0.000000000 0.000000446
1117 0.000005972 0.000000000 0.000000516
1118 0.000005952 0.000000000 0.000000450
1119 0.000006002 0.000000000 0.000000460
1120 0.000005982 0.000000447 0.000000000
1121 0.000005972 0.000000524 0.000000000
1122 0.000006002 0.000000460 0.000000000
1123 0.000006002 0.000000441 0.000000000
1124 0.000005991 0.000000469 0.000000000
1125 0.000006022 0.000000463 0.000000000
1126 0.000006032 0.000000000 0.000000444
1127 0.000006002 0.000000000 0.000000436
1128 0.000006032 0.000000000 0.000000457
1129 0.000006012 0.000000000 0.000000454
1130 0.000006042 0.000000000 0.000000434
1131 0.000006032 0.000000000 0.000000448
1132 0.000006173 0.000000000 0.000000433
1133 0.000006994 0.000000000 0.000000456
1134 0.000006423 0.000000000 0.000000439
1135 0.000006052 0.000000000 0.000000469
1136 0.000006062 0.000000000 0.000000452
1137 0.000006052 0.000000464 0.000000000
1138 0.000007585 0.000000567 0.000000000
1139 0.000007605 0.000000000 0.000000545
1140 0.000006082 0.000000000 0.000000450
1141 0.000006082 0.000000000 0.000000550
1142 0.000006062 0.000000000 0.000000448
1143 0.000006082 0.000000000 0.000000472
1144 0.000006102 0.000000484 0.000000000
1145 0.000006102 0.000000459 0.000000000
1146 0.000007675 0.000000567 0.000000000
1147 0.000007595 0.000000000 0.000000548
1148 0.000006112 0.000000000 0.000000458
1149 0.000006232 0.000000000 0.000000471
1150 0.000006163 0.000000000 0.000000522
1151 0.000006704 0.000000467 0.000000000
1152 0.000006262 0.000000457 0.000000000
1153 0.000006132 0.000000541 0.000000000
1154 0.000007675 0.000000000 0.000000492
1155 0.000007856 0.000000546 0.000000000
1156 0.000006152 0.000000448 0.000000000
1157 0.000006202 0.000000479 0.000000000
1158 0.000006152 0.000000000 0.000000442
1159 0.000006183 0.000000481 0.000000000
1160 0.000006212 0.000000000 0.000000451
1161 0.000006192 0.000000000 0.000000439
1162 0.000006203 0.000000000 0.000000440
1163 0.000006192 0.000000478 0.000000000
1164 0.000006213 0.000000000 0.000000464
1165 0.000006222 0.000000000 0.000000450
1166 0.000008216 0.000000000 0.000000543
1167 0.000006192 0.000000000 0.000000635
1168 0.000006202 0.000000000 0.000000532
1169 0.000006293 0.000000000 0.000000526
1170 0.000006242 0.000000436 0.000000000
1171 0.000014989 0.000000440 0.000000000
1172 0.000006272 0.000000000 0.000000514
1173 0.000007775 0.000000528 0.000000000
1174 0.000007806 0.000000000 0.000000563
1175 0.000006382 0.000000000 0.000000431
1176 0.000006293 0.000000000 0.000000448
1177 0.000006253 0.000000000 0.000000439
1178 0.000011082 0.000000000 0.000000511
1179 0.000007856 0.000000582 0.000000000
1180 0.000006253 0.000000000 0.000000449
1181 0.000006283 0.000000462 0.000000000
1182 0.000006403 0.000000000 0.000000445
1183 0.000006283 0.000000000 0.000000444
1184 0.000006313 0.000000000 0.000000440
1185 0.000006303 0.000000000 0.000000487
1186 0.000007865 0.000000000 0.000000543
1187 0.000007916 0.000000000 0.000000536
1188 0.000006292 0.000000000 0.000000469
1189 0.000006292 0.000000000 0.000000441
1190 0.000006342 0.000000000 0.000000429
1191 0.000012976 0.000000000 0.000000449
1192 0.000006332 0.000000484 0.000000000
1193 0.000007936 0.000000000 0.000000508
1194 0.000006342 0.000000482 0.000000000
1195 0.000007916 0.000000540 0.000000000
1196 0.000006353 0.000000000 0.000000456
1197 0.000006383 0.000000000 0.000000446
1198 0.000006373 0.000000000 0.000000446
1199 0.000006403 0.000000000 0.000000469
1200 0.000006382 0.000000000 0.000000447
