
1 0.000000401 0.000000000 0.000000453
2 0.000000451 0.000000424 0.000000000
3 0.000000541 0.000000462 0.000000000
4 0.000000561 0.000000550 0.000000000
5 0.000000711 0.000000509 0.000000000
6 0.000000791 0.000000511 0.000000000
7 0.000001062 0.000000444 0.000000000
8 0.000001784 0.000000439 0.000000000
9 0.000001804 0.000000464 0.000000000
10 0.000002475 0.000000494 0.000000000
11 0.000003667 0.000000430 0.000000000
12 0.000005491 0.000000471 0.000000000
13 0.000008557 0.000000472 0.000000000
14 0.000038647 0.000000539 0.000000000
15 0.000021202 0.000000000 0.000000469
16 0.000033897 0.000000000 0.000000467
17 0.000067925 0.000000000 0.000000588
18 0.000087303 0.000000000 0.000000513
19 0.000140780 0.000000000 0.000000580
20 0.000311168 0.000000000 0.000000732
