
1 0.000000380 0.000000000 0.000000433
2 0.000000411 0.000000000 0.000000435
3 0.000000420 0.000000000 0.000000429
4 0.000000451 0.000000000 0.000000463
5 0.000000471 0.000000000 0.000000481
6 0.000000471 0.000000000 0.000000461
7 0.000000471 0.000000547 0.000000000
8 0.000000632 0.000000456 0.000000000
9 0.000000501 0.000000448 0.000000000
10 0.000000552 0.000000586 0.000000000
11 0.000000521 0.000000498 0.000000000
12 0.000000641 0.000000478 0.000000000
13 0.000000571 0.000000000 0.000000450
14 0.000000691 0.000000506 0.000000000
15 0.000000591 0.000000000 0.000000458
16 0.000000591 0.000000000 0.000000437
17 0.000000722 0.000000000 0.000000548
18 0.000001052 0.000000000 0.000000455
19 0.000000681 0.000000000 0.000000463
20 0.000000662 0.000000470 0.000000000
21 0.000000651 0.000000462 0.000000000
22 0.000000822 0.000000472 0.000000000
23 0.000000682 0.000000457 0.000000000
24 0.000000812 0.000000475 0.000000000
25 0.000000711 0.000000000 0.000000447
26 0.000000711 0.000000000 0.000000439
27 0.000000711 0.000000000 0.000000420
28 0.000000841 0.000000000 0.000000545
29 0.000000752 0.000000000 0.000000449
30 0.000000912 0.000000000 0.000000533
31 0.000000751 0.000000000 0.000000460
32 0.000000742 0.000000000 0.000000426
33 0.000000771 0.000000000 0.000000421
34 0.000000762 0.000000000 0.000000436
35 0.000000791 0.000000000 0.000000431
36 0.000000791 0.000000000 0.000000444
37 0.000000851 0.000000000 0.000000430
38 0.000000842 0.000000000 0.000000457
39 0.000000832 0.000000000 0.000000449
40 0.000000842 0.000000000 0.000000433
41 0.000000862 0.000000000 0.000000417
42 0.000000902 0.000000000 0.000000421
43 0.000000851 0.000000000 0.000000433
44 0.000000892 0.000000000 0.000000427
45 0.000000881 0.000000000 0.000000464
46 0.000000932 0.000000000 0.000000448
47 0.000001152 0.000000000 0.000000496
48 0.000000912 0.000000000 0.000000431
49 0.000000992 0.000000000 0.000000428
50 0.000001172 0.000000000 0.000000544
51 0.000000951 0.000000000 0.000000455
52 0.000000972 0.000000000 0.000000427
53 0.000000982 0.000000000 0.000000416
54 0.000000982 0.000000000 0.000000434
55 0.000001042 0.000000437 0.000000000
56 0.000001012 0.000000000 0.000000454
57 0.000001002 0.000000000 0.000000450
58 0.000001052 0.000000000 0.000000424
59 0.000001032 0.000000000 0.000000458
60 0.000001413 0.000000000 0.000000420
61 0.000001052 0.000000000 0.000000428
62 0.000001072 0.000000431 0.000000000
63 0.000001072 0.000000435 0.000000000
64 0.000001212 0.000000000 0.000000467
65 0.000001493 0.000000000 0.000000452
66 0.000001102 0.000000000 0.000000429
67 0.000001153 0.000000000 0.000000425
68 0.000001393 0.000000000 0.000000564
69 0.000001243 0.000000446 0.000000000
70 0.000001163 0.000000000 0.000000430
71 0.000001172 0.000000000 0.000000423
72 0.000001503 0.000000000 0.000000565
73 0.000001183 0.000000000 0.000000418
74 0.000001503 0.000000529 0.000000000
75 0.000001223 0.000000423 0.000000000
76 0.000001233 0.000000442 0.000000000
77 0.000001282 0.000000435 0.000000000
78 0.000001232 0.000000000 0.000000429
79 0.000001272 0.000000454 0.000000000
80 0.000001543 0.000000551 0.000000000
81 0.000001563 0.000000555 0.000000000
82 0.000001262 0.000000434 0.000000000
83 0.000002074 0.000000552 0.000000000
84 0.000001303 0.000000000 0.000000444
85 0.000001302 0.000000000 0.000000458
86 0.000001623 0.000000000 0.000000546
87 0.000001412 0.000000000 0.000000427
88 0.000001333 0.000000000 0.000000430
89 0.000001352 0.000000000 0.000000497
90 0.000001673 0.000000000 0.000000530
91 0.000001703 0.000000000 0.000000515
92 0.000001703 0.000000542 0.000000000
93 0.000001413 0.000000424 0.000000000
94 0.000001452 0.000000000 0.000000431
95 0.000002415 0.000000460 0.000000000
96 0.000001483 0.000000000 0.000000448
97 0.000001443 0.000000000 0.000000419
98 0.000001433 0.000000421 0.000000000
99 0.000001533 0.000000442 0.000000000
100 0.000001843 0.000000523 0.000000000
101 0.000001513 0.000000555 0.000000000
102 0.000001523 0.000000432 0.000000000
103 0.000001534 0.000000000 0.000000465
104 0.000001553 0.000000000 0.000000445
105 0.000001894 0.000000526 0.000000000
106 0.000001563 0.000000434 0.000000000
107 0.000001593 0.000000429 0.000000000
108 0.000001603 0.000000000 0.000000441
109 0.000001563 0.000000000 0.000000424
110 0.000001603 0.000000000 0.000000424
111 0.000001603 0.000000000 0.000000490
112 0.000001633 0.000000000 0.000000427
113 0.000001623 0.000000000 0.000000424
114 0.000001664 0.000000000 0.000000500
115 0.000001623 0.000000000 0.000000423
116 0.000002655 0.000000000 0.000000471
117 0.000002315 0.000000000 0.000000489
118 0.000001694 0.000000000 0.000000423
119 0.000001694 0.000000445 0.000000000
120 0.000001714 0.000000000 0.000000421
121 0.000001703 0.000000000 0.000000426
122 0.000001683 0.000000000 0.000000470
123 0.000002264 0.000000507 0.000000000
124 0.000001733 0.000000459 0.000000000
125 0.000001864 0.000000465 0.000000000
126 0.000001744 0.000000000 0.000000435
127 0.000002184 0.000000520 0.000000000
128 0.000002184 0.000000532 0.000000000
129 0.000002235 0.000000546 0.000000000
130 0.000001814 0.000000000 0.000000432
131 0.000001844 0.000000459 0.000000000
132 0.000002245 0.000000539 0.000000000
133 0.000001834 0.000000000 0.000000436
134 0.000001824 0.000000000 0.000000520
135 0.000001844 0.000000000 0.000000454
136 0.000001854 0.000000000 0.000000425
137 0.000001884 0.000000000 0.000000532
138 0.000002355 0.000000000 0.000000530
139 0.000001903 0.000000451 0.000000000
140 0.000001913 0.000000444 0.000000000
141 0.000001964 0.000000495 0.000000000
142 0.000001924 0.000000000 0.000000490
143 0.000001914 0.000000430 0.000000000
144 0.000002435 0.000000527 0.000000000
145 0.000002425 0.000000000 0.000000547
146 0.000002445 0.000000000 0.000000532
147 0.000001964 0.000000000 0.000000419
148 0.000001964 0.000000000 0.000000418
149 0.000002485 0.000000000 0.000000540
150 0.000002014 0.000000000 0.000000427
151 0.000002155 0.000000000 0.000000424
152 0.000002044 0.000000000 0.000000458
153 0.000002655 0.000000000 0.000000423
154 0.000002044 0.000000000 0.000000418
155 0.000002034 0.000000000 0.000000422
156 0.000002565 0.000000000 0.000000504
157 0.000002094 0.000000000 0.000000530
158 0.000002105 0.000000000 0.000000478
159 0.000002074 0.000000000 0.000000446
160 0.000002094 0.000000000 0.000000441
161 0.000002135 0.000000502 0.000000000
162 0.000002655 0.000000569 0.000000000
163 0.000002675 0.000000554 0.000000000
164 0.000002145 0.000000000 0.000000434
165 0.000003176 0.000000000 0.000000541
166 0.000002154 0.000000000 0.000000434
167 0.000002195 0.000000000 0.000000534
168 0.000002235 0.000000000 0.000000444
169 0.000002184 0.000000000 0.000000432
170 0.000002244 0.000000000 0.000000509
171 0.000002234 0.000000000 0.000000500
172 0.000002235 0.000000000 0.000000463
173 0.000002254 0.000000446 0.000000000
174 0.000002264 0.000000483 0.000000000
175 0.000002235 0.000000496 0.000000000
176 0.000002835 0.000000505 0.000000000
177 0.000002825 0.000000555 0.000000000
178 0.000002334 0.000000000 0.000000432
179 0.000002335 0.000000000 0.000000434
180 0.000002305 0.000000438 0.000000000
181 0.000003637 0.000000547 0.000000000
182 0.000002395 0.000000000 0.000000484
183 0.000002304 0.000000000 0.000000449
184 0.000002384 0.000000000 0.000000428
185 0.000002935 0.000000000 0.000000522
186 0.000002385 0.000000000 0.000000439
187 0.000002976 0.000000000 0.000000510
188 0.000002384 0.000000000 0.000000533
189 0.000002425 0.000000000 0.000000525
190 0.000002455 0.000000453 0.000000000
191 0.000002435 0.000000526 0.000000000
192 0.000002425 0.000000495 0.000000000
193 0.000002605 0.000000448 0.000000000
194 0.000002465 0.000000449 0.000000000
195 0.000003116 0.000000496 0.000000000
196 0.000003086 0.000000500 0.000000000
197 0.000003057 0.000000000 0.000000545
198 0.000002515 0.000000000 0.000000445
199 0.000002505 0.000000000 0.000000433
200 0.000002545 0.000000000 0.000000454
201 0.000003447 0.000000000 0.000000459
202 0.000002545 0.000000000 0.000000428
203 0.000002715 0.000000000 0.000000421
204 0.000002725 0.000000000 0.000000444
205 0.000002575 0.000000000 0.000000430
206 0.000002595 0.000000000 0.000000462
207 0.000002605 0.000000000 0.000000501
208 0.000020521 0.000000000 0.000000439
209 0.000002625 0.000000000 0.000000437
210 0.000002675 0.000000534 0.000000000
211 0.000002616 0.000000527 0.000000000
212 0.000002835 0.000000508 0.000000000
213 0.000002665 0.000000000 0.000000449
214 0.000002835 0.000000474 0.000000000
215 0.000002686 0.000000000 0.000000475
216 0.000002695 0.000000000 0.000000487
217 0.000003688 0.000000000 0.000000426
218 0.000003387 0.000000000 0.000000537
219 0.000002705 0.000000000 0.000000430
220 0.000002745 0.000000000 0.000000426
221 0.000002726 0.000000000 0.000000428
222 0.000002745 0.000000000 0.000000460
223 0.000002766 0.000000000 0.000000494
224 0.000002776 0.000000000 0.000000453
225 0.000002816 0.000000000 0.000000443
226 0.000002805 0.000000000 0.000000433
227 0.000002805 0.000000437 0.000000000
228 0.000002825 0.000000434 0.000000000
229 0.000003527 0.000000437 0.000000000
230 0.000002835 0.000000439 0.000000000
231 0.000002836 0.000000508 0.000000000
232 0.000002865 0.000000429 0.000000000
233 0.000002896 0.000000000 0.000000451
234 0.000002866 0.000000445 0.000000000
235 0.000002866 0.000000000 0.000000466
236 0.000003617 0.000000483 0.000000000
237 0.000002896 0.000000000 0.000000485
238 0.000002926 0.000000000 0.000000465
239 0.000002926 0.000000000 0.000000573
240 0.000003116 0.000000000 0.000000447
241 0.000002946 0.000000000 0.000000444
242 0.000003176 0.000000000 0.000000449
243 0.000002996 0.000000000 0.000000425
244 0.000002996 0.000000000 0.000000429
245 0.000002976 0.000000000 0.000000436
246 0.000002986 0.000000000 0.000000450
247 0.000002996 0.000000459 0.000000000
248 0.000003066 0.000000000 0.000000434
249 0.000003127 0.000000449 0.000000000
250 0.000003026 0.000000465 0.000000000
251 0.000003067 0.000000430 0.000000000
252 0.000003076 0.000000503 0.000000000
253 0.000004138 0.000000457 0.000000000
254 0.000004138 0.000000000 0.000000465
255 0.000003167 0.000000000 0.000000447
256 0.000003117 0.000000000 0.000000438
257 0.000003086 0.000000000 0.000000432
258 0.000003126 0.000000000 0.000000429
259 0.000003987 0.000000000 0.000000544
260 0.000003948 0.000000000 0.000000527
261 0.000003167 0.000000000 0.000000417
262 0.000003166 0.000000000 0.000000432
263 0.000003968 0.000000000 0.000000520
264 0.000003968 0.000000000 0.000000530
265 0.000003176 0.000000000 0.000000432
266 0.000003186 0.000000450 0.000000000
267 0.000003206 0.000000432 0.000000000
268 0.000003227 0.000000429 0.000000000
269 0.000003477 0.000000464 0.000000000
270 0.000003237 0.000000000 0.000000430
271 0.000003256 0.000000000 0.000000420
272 0.000003287 0.000000000 0.000000450
273 0.000004058 0.000000000 0.000000531
274 0.000004108 0.000000000 0.000000511
275 0.000003287 0.000000000 0.000000455
276 0.000003346 0.000000000 0.000000446
277 0.000003377 0.000000000 0.000000417
278 0.000003317 0.000000000 0.000000420
279 0.000004158 0.000000000 0.000000495
280 0.000003356 0.000000000 0.000000439
281 0.000004148 0.000000000 0.000000589
282 0.000003397 0.000000000 0.000000439
283 0.000003357 0.000000000 0.000000417
284 0.000003397 0.000000000 0.000000437
285 0.000003407 0.000000000 0.000000424
286 0.000004279 0.000000000 0.000000551
287 0.000003457 0.000000483 0.000000000
288 0.000003457 0.000000000 0.000000546
289 0.000003457 0.000000000 0.000000423
290 0.000003467 0.000000482 0.000000000
291 0.000004309 0.000000561 0.000000000
292 0.000004348 0.000000512 0.000000000
293 0.000003497 0.000000462 0.000000000
294 0.000003527 0.000000000 0.000000440
295 0.000004709 0.000000542 0.000000000
296 0.000003527 0.000000000 0.000000428
297 0.000003517 0.000000000 0.000000426
298 0.000003547 0.000000000 0.000000492
299 0.000004439 0.000000000 0.000000525
300 0.000004328 0.000000000 0.000000435
301 0.000004749 0.000000000 0.000000535
302 0.000003587 0.000000000 0.000000427
303 0.000004509 0.000000542 0.000000000
304 0.000003637 0.000000000 0.000000454
305 0.000003597 0.000000000 0.000000513
306 0.000003628 0.000000492 0.000000000
307 0.000003648 0.000000446 0.000000000
308 0.000003647 0.000000426 0.000000000
309 0.000004559 0.000000544 0.000000000
310 0.000003678 0.000000000 0.000000514
311 0.000003647 0.000000000 0.000000436
312 0.000004609 0.000000000 0.000000535
313 0.000004589 0.000000000 0.000000539
314 0.000004689 0.000000000 0.000000458
315 0.000003718 0.000000000 0.000000435
316 0.000003958 0.000000000 0.000000493
317 0.000004689 0.000000000 0.000000528
318 0.000004680 0.000000000 0.000000533
319 0.000004719 0.000000000 0.000000530
320 0.000003777 0.000000464 0.000000000
321 0.000005952 0.000000440 0.000000000
322 0.000003788 0.000000443 0.000000000
323 0.000004088 0.000000472 0.000000000
324 0.000003817 0.000000424 0.000000000
325 0.000003828 0.000000435 0.000000000
326 0.000004799 0.000000534 0.000000000
327 0.000004169 0.000000000 0.000000550
328 0.000003827 0.000000000 0.000000437
329 0.000003868 0.000000000 0.000000469
330 0.000004759 0.000000000 0.000000529
331 0.000003848 0.000000442 0.000000000
332 0.000003888 0.000000432 0.000000000
333 0.000006683 0.000000557 0.000000000
334 0.000004879 0.000000551 0.000000000
335 0.000003928 0.000000000 0.000000444
336 0.000003918 0.000000422 0.000000000
337 0.000003927 0.000000419 0.000000000
338 0.000003968 0.000000000 0.000000423
339 0.000005120 0.000000455 0.000000000
340 0.000003938 0.000000000 0.000000430
341 0.000004980 0.000000551 0.000000000
342 0.000003987 0.000000441 0.000000000
343 0.000004008 0.000000423 0.000000000
344 0.000004318 0.000000000 0.000000429
345 0.000004038 0.000000429 0.000000000
346 0.000004038 0.000000000 0.000000461
347 0.000004158 0.000000000 0.000000447
348 0.000005591 0.000000000 0.000000443
349 0.000005471 0.000000539 0.000000000
350 0.000004099 0.000000475 0.000000000
351 0.000004048 0.000000000 0.000000432
352 0.000004098 0.000000000 0.000000453
353 0.000004108 0.000000000 0.000000454
354 0.000004118 0.000000426 0.000000000
355 0.000004128 0.000000435 0.000000000
356 0.000004128 0.000000438 0.000000000
357 0.000004138 0.000000000 0.000000453
358 0.000004179 0.000000469 0.000000000
359 0.000005171 0.000000544 0.000000000
360 0.000004159 0.000000000 0.000000478
361 0.000004178 0.000000000 0.000000436
362 0.000004218 0.000000000 0.000000444
363 0.000004198 0.000000000 0.000000458
364 0.000004218 0.000000000 0.000000432
365 0.000004228 0.000000000 0.000000430
366 0.000005321 0.000000537 0.000000000
367 0.000004268 0.000000436 0.000000000
368 0.000005311 0.000000503 0.000000000
369 0.000004249 0.000000453 0.000000000
370 0.000007084 0.000000543 0.000000000
371 0.000004279 0.000000437 0.000000000
372 0.000004780 0.000000452 0.000000000
373 0.000005360 0.000000478 0.000000000
374 0.000004338 0.000000527 0.000000000
375 0.000004349 0.000000505 0.000000000
376 0.000005440 0.000000568 0.000000000
377 0.000004349 0.000000486 0.000000000
378 0.000004339 0.000000000 0.000000437
379 0.000004388 0.000000000 0.000000439
380 0.000004368 0.000000000 0.000000435
381 0.000004399 0.000000000 0.000000433
382 0.000005802 0.000000000 0.000000427
383 0.000005521 0.000000000 0.000000526
384 0.000004398 0.000000000 0.000000419
385 0.000004439 0.000000000 0.000000457
386 0.000004419 0.000000000 0.000000457
387 0.000004468 0.000000478 0.000000000
388 0.000004469 0.000000468 0.000000000
389 0.000005611 0.000000553 0.000000000
390 0.000005652 0.000000500 0.000000000
391 0.000004499 0.000000426 0.000000000
392 0.000005621 0.000000570 0.000000000
393 0.000004529 0.000000000 0.000000436
394 0.000004529 0.000000000 0.000000430
395 0.000004539 0.000000000 0.000000429
396 0.000004559 0.000000000 0.000000442
397 0.000004539 0.000000000 0.000000440
398 0.000005721 0.000000537 0.000000000
399 0.000004809 0.000000000 0.000000428
400 0.000005741 0.000000000 0.000000528
401 0.000004599 0.000000000 0.000000454
402 0.000004589 0.000000000 0.000000478
403 0.000004619 0.000000000 0.000000435
404 0.000004629 0.000000000 0.000000435
405 0.000005792 0.000000543 0.000000000
406 0.000004629 0.000000449 0.000000000
407 0.000005811 0.000000000 0.000000555
408 0.000004669 0.000000443 0.000000000
409 0.000004689 0.000000436 0.000000000
410 0.000005882 0.000000492 0.000000000
411 0.000005841 0.000000556 0.000000000
412 0.000004730 0.000000435 0.000000000
413 0.000004740 0.000000430 0.000000000
414 0.000004759 0.000000424 0.000000000
415 0.000005932 0.000000551 0.000000000
416 0.000005952 0.000000564 0.000000000
417 0.000004769 0.000000431 0.000000000
418 0.000004770 0.000000495 0.000000000
419 0.000004780 0.000000422 0.000000000
420 0.000005161 0.000000000 0.000000507
421 0.000005161 0.000000000 0.000000440
422 0.000004820 0.000000000 0.000000429
423 0.000004840 0.000000000 0.000000443
424 0.000006032 0.000000000 0.000000527
425 0.000004900 0.000000000 0.000000427
426 0.000006022 0.000000000 0.000000561
427 0.000004889 0.000000000 0.000000432
428 0.000004910 0.000000000 0.000000512
429 0.000004900 0.000000000 0.000000431
430 0.000004890 0.000000000 0.000000473
431 0.000004900 0.000000000 0.000000517
432 0.000005290 0.000000431 0.000000000
433 0.000004950 0.000000429 0.000000000
434 0.000004930 0.000000522 0.000000000
435 0.000004950 0.000000474 0.000000000
436 0.000004950 0.000000510 0.000000000
437 0.000004970 0.000000000 0.000000427
438 0.000004999 0.000000448 0.000000000
439 0.000005361 0.000000513 0.000000000
440 0.000006222 0.000000535 0.000000000
441 0.000006272 0.000000528 0.000000000
442 0.000005050 0.000000000 0.000000438
443 0.000005030 0.000000000 0.000000440
444 0.000006323 0.000000000 0.000000548
445 0.000005040 0.000000453 0.000000000
446 0.000005070 0.000000470 0.000000000
447 0.000005481 0.000000000 0.000000445
448 0.000006483 0.000000618 0.000000000
449 0.000006383 0.000000000 0.000000542
450 0.000006994 0.000000000 0.000000490
451 0.000005101 0.000000000 0.000000434
452 0.000005120 0.000000000 0.000000510
453 0.000005110 0.000000000 0.000000453
454 0.000005161 0.000000000 0.000000442
455 0.000005170 0.000000000 0.000000431
456 0.000006463 0.000000000 0.000000543
457 0.000005220 0.000000000 0.000000428
458 0.000005220 0.000000000 0.000000433
459 0.000005582 0.000000000 0.000000443
460 0.000005572 0.000000000 0.000000447
461 0.000006513 0.000000000 0.000000547
462 0.000005230 0.000000000 0.000000432
463 0.000005231 0.000000000 0.000000428
464 0.000006523 0.000000000 0.000000546
465 0.000005260 0.000000000 0.000000448
466 0.000005301 0.000000000 0.000000498
467 0.000005771 0.000000547 0.000000000
468 0.000005300 0.000000434 0.000000000
469 0.000005341 0.000000000 0.000000448
470 0.000006643 0.000000000 0.000000487
471 0.000005321 0.000000000 0.000000442
472 0.000005351 0.000000000 0.000000425
473 0.000005350 0.000000000 0.000000439
474 0.000005782 0.000000000 0.000000463
475 0.000005350 0.000000000 0.000000452
476 0.000006703 0.000000000 0.000000546
477 0.000005381 0.000000000 0.000000450
478 0.000006764 0.000000000 0.000000557
479 0.000005401 0.000000000 0.000000455
480 0.000005401 0.000000450 0.000000000
481 0.000005441 0.000000000 0.000000445
482 0.000005431 0.000000467 0.000000000
483 0.000005441 0.000000000 0.000000469
484 0.000005470 0.000000507 0.000000000
485 0.000008597 0.000000461 0.000000000
486 0.000005471 0.000000434 0.000000000
487 0.000005501 0.000000000 0.000000423
488 0.000005521 0.000000000 0.000000421
489 0.000005511 0.000000000 0.000000437
490 0.000005571 0.000000000 0.000000445
491 0.000005561 0.000000436 0.000000000
492 0.000005611 0.000000433 0.000000000
493 0.000006012 0.000000474 0.000000000
494 0.000005561 0.000000450 0.000000000
495 0.000005571 0.000000000 0.000000431
496 0.000005601 0.000000431 0.000000000
497 0.000005591 0.000000458 0.000000000
498 0.000005631 0.000000460 0.000000000
499 0.000005621 0.000000443 0.000000000
500 0.000005651 0.000000553 0.000000000
501 0.000005671 0.000000480 0.000000000
502 0.000005711 0.000000481 0.000000000
503 0.000005651 0.000000000 0.000000449
504 0.000005682 0.000000000 0.000000437
505 0.000005661 0.000000000 0.000000433
506 0.000007074 0.000000000 0.000000509
507 0.000007124 0.000000000 0.000000543
508 0.000005731 0.000000000 0.000000454
509 0.000005732 0.000000000 0.000000462
510 0.000007155 0.000000552 0.000000000
511 0.000005731 0.000000000 0.000000480
512 0.000006162 0.000000000 0.000000465
513 0.000005752 0.000000439 0.000000000
514 0.000007234 0.000000547 0.000000000
515 0.000005782 0.000000509 0.000000000
516 0.000005801 0.000000431 0.000000000
517 0.000005812 0.000000507 0.000000000
518 0.000007816 0.000000508 0.000000000
519 0.000005842 0.000000000 0.000000438
520 0.000005842 0.000000444 0.000000000
521 0.000005861 0.000000450 0.000000000
522 0.000005872 0.000000523 0.000000000
523 0.000005842 0.000000000 0.000000473
524 0.000005881 0.000000000 0.000000438
525 0.000007354 0.000000000 0.000000521
526 0.000005882 0.000000000 0.000000441
527 0.000005922 0.000000000 0.000000444
528 0.000005901 0.000000000 0.000000429
529 0.000005942 0.000000000 0.000000435
530 0.000005942 0.000000000 0.000000449
531 0.000005942 0.000000000 0.000000432
532 0.000005932 0.000000000 0.000000445
533 0.000005972 0.000000441 0.000000000
534 0.000007485 0.000000000 0.000000550
535 0.000006002 0.000000000 0.000000439
536 0.000007495 0.000000000 0.000000542
537 0.000006032 0.000000000 0.000000419
538 0.000006032 0.000000000 0.000000439
539 0.000006032 0.000000000 0.000000482
540 0.000006062 0.000000000 0.000000434
541 0.000006042 0.000000000 0.000000425
542 0.000006052 0.000000000 0.000000437
543 0.000007555 0.000000000 0.000000512
544 0.000006082 0.000000000 0.000000434
545 0.000007595 0.000000000 0.000000539
546 0.000006072 0.000000000 0.000000435
547 0.000007605 0.000000000 0.000000551
548 0.000006102 0.000000466 0.000000000
549 0.000006142 0.000000455 0.000000000
550 0.000006142 0.000000563 0.000000000
551 0.000006143 0.000000000 0.000000454
552 0.000006203 0.000000528 0.000000000
553 0.000006172 0.000000000 0.000000444
554 0.000006182 0.000000000 0.000000508
555 0.000006192 0.000000000 0.000000513
556 0.000006232 0.000000000 0.000000452
557 0.000006222 0.000000000 0.000000428
558 0.000006202 0.000000000 0.000000511
559 0.000006242 0.000000000 0.000000428
560 0.000006252 0.000000000 0.000000453
561 0.000006212 0.000000000 0.000000427
562 0.000006263 0.000000000 0.000000448
563 0.000006302 0.000000000 0.000000438
564 0.000007865 0.000000561 0.000000000
565 0.000006273 0.000000475 0.000000000
566 0.000006323 0.000000000 0.000000536
567 0.000006333 0.000000000 0.000000483
568 0.000006322 0.000000000 0.000000433
569 0.000006353 0.000000000 0.000000430
570 0.000006352 0.000000000 0.000000430
571 0.000006402 0.000000000 0.000000427
572 0.000006362 0.000000000 0.000000549
573 0.000006343 0.000000000 0.000000425
574 0.000006904 0.000000550 0.000000000
575 0.000006412 0.000000000 0.000000432
576 0.000006402 0.000000429 0.000000000
577 0.000006413 0.000000000 0.000000433
578 0.000006432 0.000000000 0.000000526
579 0.000008056 0.000000000 0.000000456
580 0.000006523 0.000000000 0.000000432
581 0.000006502 0.000000000 0.000000424
582 0.000008076 0.000000000 0.000000547
583 0.000006503 0.000000000 0.000000429
584 0.000006503 0.000000000 0.000000436
585 0.000006492 0.000000434 0.000000000
586 0.000007034 0.000000000 0.000000429
587 0.000006543 0.000000000 0.000000434
588 0.000006553 0.000000476 0.000000000
589 0.000006533 0.000000000 0.000000450
590 0.000006553 0.000000440 0.000000000
591 0.000006593 0.000000466 0.000000000
592 0.000006583 0.000000000 0.000000447
593 0.000006573 0.000000000 0.000000470
594 0.000006593 0.000000000 0.000000444
595 0.000006613 0.000000000 0.000000424
596 0.000006593 0.000000000 0.000000434
597 0.000006643 0.000000000 0.000000513
598 0.000006633 0.000000000 0.000000438
599 0.000006664 0.000000000 0.000000511
600 0.000006683 0.000000442 0.000000000
601 0.000006663 0.000000431 0.000000000
602 0.000009148 0.000000536 0.000000000
603 0.000006683 0.000000439 0.000000000
604 0.000007215 0.000000434 0.000000000
605 0.000009879 0.000000533 0.000000000
606 0.000006744 0.000000000 0.000000482
607 0.000006783 0.000000000 0.000000439
608 0.000006743 0.000000458 0.000000000
609 0.000006723 0.000000000 0.000000427
610 0.000012084 0.000000000 0.000000446
611 0.000006783 0.000000000 0.000000435
612 0.000006794 0.000000000 0.000000426
613 0.000008917 0.000000000 0.000000436
614 0.000006804 0.000000000 0.000000432
615 0.000006873 0.000000000 0.000000454
616 0.000006804 0.000000000 0.000000443
617 0.000006844 0.000000000 0.000000492
618 0.000006863 0.000000000 0.000000430
619 0.000006833 0.000000000 0.000000438
620 0.000007405 0.000000000 0.000000427
621 0.000006884 0.000000000 0.000000528
622 0.000008617 0.000000000 0.000000540
623 0.000008617 0.000000000 0.000000487
624 0.000007525 0.000000451 0.000000000
625 0.000008617 0.000000543 0.000000000
626 0.000006934 0.000000445 0.000000000
627 0.000007946 0.000000439 0.000000000
628 0.000007475 0.000000435 0.000000000
629 0.000008707 0.000000510 0.000000000
630 0.000006954 0.000000431 0.000000000
631 0.000007004 0.000000427 0.000000000
632 0.000007014 0.000000453 0.000000000
633 0.000009409 0.000000579 0.000000000
634 0.000008758 0.000000540 0.000000000
635 0.000007014 0.000000000 0.000000445
636 0.000007044 0.000000000 0.000000470
637 0.000007044 0.000000000 0.000000443
638 0.000007064 0.000000000 0.000000444
639 0.000007034 0.000000000 0.000000424
640 0.000007034 0.000000000 0.000000460
641 0.000007104 0.000000000 0.000000451
642 0.000007084 0.000000000 0.000000440
643 0.000007124 0.000000000 0.000000449
644 0.000007134 0.000000000 0.000000436
645 0.000007154 0.000000000 0.000000436
646 0.000007164 0.000000489 0.000000000
647 0.000009800 0.000000000 0.000000459
648 0.000007144 0.000000506 0.000000000
649 0.000007124 0.000000000 0.000000506
650 0.000007174 0.000000000 0.000000459
651 0.000007214 0.000000000 0.000000462
652 0.000007174 0.000000000 0.000000444
653 0.000008998 0.000000599 0.000000000
654 0.000007215 0.000000000 0.000000500
655 0.000007796 0.000000000 0.000000448
656 0.000009038 0.000000563 0.000000000
657 0.000009389 0.000000439 0.000000000
658 0.000009068 0.000000584 0.000000000
659 0.000007815 0.000000000 0.000000438
660 0.000009088 0.000000000 0.000000533
661 0.000007866 0.000000000 0.000000431
662 0.000007274 0.000000000 0.000000448
663 0.000007305 0.000000000 0.000000433
664 0.000007865 0.000000000 0.000000436
665 0.000007906 0.000000000 0.000000425
666 0.000009579 0.000000000 0.000000482
667 0.000007725 0.000000000 0.000000543
668 0.000007364 0.000000000 0.000000457
669 0.000007355 0.000000000 0.000000510
670 0.000007986 0.000000000 0.000000447
671 0.000007405 0.000000458 0.000000000
672 0.000007385 0.000000476 0.000000000
673 0.000007445 0.000000446 0.000000000
674 0.000007394 0.000000434 0.000000000
675 0.000007415 0.000000433 0.000000000
676 0.000009278 0.000000537 0.000000000
677 0.000007495 0.000000000 0.000000435
678 0.000007485 0.000000438 0.000000000
679 0.000009318 0.000000519 0.000000000
680 0.000007474 0.000000000 0.000000456
681 0.000009369 0.000000000 0.000000523
682 0.000007505 0.000000000 0.000000435
683 0.000007535 0.000000000 0.000000427
684 0.000007525 0.000000000 0.000000432
685 0.000010150 0.000000000 0.000000527
686 0.000007535 0.000000000 0.000000458
687 0.000007535 0.000000000 0.000000435
688 0.000007565 0.000000000 0.000000431
689 0.000009489 0.000000000 0.000000522
690 0.000007575 0.000000000 0.000000427
691 0.000007615 0.000000000 0.000000424
692 0.000007615 0.000000000 0.000000486
693 0.000007685 0.000000000 0.000000445
694 0.000015611 0.000000000 0.000000471
695 0.000007655 0.000000436 0.000000000
696 0.000008536 0.000000000 0.000000470
697 0.000007675 0.000000450 0.000000000
698 0.000009389 0.000000448 0.000000000
699 0.000007685 0.000000463 0.000000000
700 0.000007685 0.000000455 0.000000000
701 0.000007746 0.000000475 0.000000000
702 0.000007725 0.000000443 0.000000000
703 0.000007725 0.000000458 0.000000000
704 0.000007725 0.000000439 0.000000000
705 0.000007736 0.000000454 0.000000000
706 0.000007746 0.000000530 0.000000000
707 0.000009690 0.000000531 0.000000000
708 0.000009769 0.000000545 0.000000000
709 0.000007786 0.000000000 0.000000431
710 0.000007826 0.000000000 0.000000491
711 0.000007816 0.000000000 0.000000450
712 0.000007816 0.000000000 0.000000432
713 0.000007856 0.000000000 0.000000441
714 0.000007856 0.000000000 0.000000453
715 0.000007916 0.000000000 0.000000519
716 0.000007845 0.000000440 0.000000000
717 0.000007885 0.000000454 0.000000000
718 0.000007906 0.000000488 0.000000000
719 0.000007906 0.000000000 0.000000448
720 0.000007876 0.000000461 0.000000000
721 0.000007905 0.000000443 0.000000000
722 0.000007935 0.000000000 0.000000474
723 0.000010821 0.000000522 0.000000000
724 0.000007946 0.000000000 0.000000456
725 0.000009979 0.000000000 0.000000575
726 0.000007966 0.000000000 0.000000446
727 0.000008587 0.000000000 0.000000429
728 0.000007976 0.000000000 0.000000425
729 0.000007986 0.000000477 0.000000000
730 0.000008056 0.000000480 0.000000000
731 0.000007985 0.000000422 0.000000000
732 0.000010050 0.000000455 0.000000000
733 0.000008046 0.000000437 0.000000000
734 0.000008056 0.000000000 0.000000437
735 0.000010090 0.000000451 0.000000000
736 0.000010120 0.000000509 0.000000000
737 0.000008106 0.000000464 0.000000000
738 0.000008076 0.000000468 0.000000000
739 0.000008116 0.000000000 0.000000426
740 0.000008096 0.000000000 0.000000427
741 0.000008116 0.000000426 0.000000000
742 0.000008146 0.000000516 0.000000000
743 0.000010160 0.000000000 0.000000524
744 0.000008136 0.000000000 0.000000429
745 0.000008186 0.000000000 0.000000423
746 0.000008166 0.000000000 0.000000434
747 0.000010231 0.000000504 0.000000000
748 0.000008227 0.000000000 0.000000450
749 0.000010230 0.000000000 0.000000499
750 0.000008227 0.000000000 0.000000431
751 0.000010280 0.000000000 0.000000522
752 0.000008247 0.000000000 0.000000466
753 0.000010300 0.000000000 0.000000519
754 0.000008256 0.000000000 0.000000434
755 0.000008266 0.000000000 0.000000428
756 0.000008316 0.000000000 0.000000495
757 0.000010311 0.000000000 0.000000512
758 0.000010360 0.000000000 0.000000535
759 0.000008327 0.000000000 0.000000430
760 0.000008316 0.000000000 0.000000463
761 0.000008306 0.000000000 0.000000443
762 0.000008337 0.000000000 0.000000439
763 0.000008327 0.000000493 0.000000000
764 0.000008366 0.000000440 0.000000000
765 0.000008347 0.000000471 0.000000000
766 0.000008356 0.000000000 0.000000471
767 0.000008366 0.000000510 0.000000000
768 0.000008397 0.000000000 0.000000464
769 0.000008387 0.000000000 0.000000441
770 0.000009028 0.000000000 0.000000495
771 0.000008437 0.000000000 0.000000447
772 0.000008416 0.000000478 0.000000000
773 0.000008436 0.000000509 0.000000000
774 0.000008477 0.000000435 0.000000000
775 0.000010421 0.000000000 0.000000515
776 0.000008477 0.000000000 0.000000451
777 0.000008517 0.000000000 0.000000448
778 0.000008537 0.000000000 0.000000472
779 0.000012756 0.000000000 0.000000482
780 0.000009068 0.000000000 0.000000489
781 0.000008537 0.000000000 0.000000440
782 0.000008557 0.000000471 0.000000000
783 0.000008537 0.000000532 0.000000000
784 0.000011453 0.000000000 0.000000485
785 0.000008637 0.000000000 0.000000454
786 0.000008577 0.000000000 0.000000434
787 0.000009289 0.000000000 0.000000428
788 0.000008597 0.000000451 0.000000000
789 0.000008617 0.000000450 0.000000000
790 0.000008587 0.000000433 0.000000000
791 0.000008627 0.000000451 0.000000000
792 0.000008637 0.000000000 0.000000432
793 0.000008667 0.000000000 0.000000436
794 0.000008678 0.000000000 0.000000442
795 0.000008657 0.000000000 0.000000451
796 0.000008727 0.000000000 0.000000447
797 0.000008707 0.000000543 0.000000000
798 0.000008677 0.000000000 0.000000432
799 0.000008717 0.000000000 0.000000501
800 0.000008717 0.000000000 0.000000451
801 0.000008768 0.000000000 0.000000523
802 0.000008737 0.000000477 0.000000000
803 0.000008737 0.000000000 0.000000430
804 0.000008767 0.000000440 0.000000000
805 0.000008757 0.000000431 0.000000000
806 0.000008797 0.000000425 0.000000000
807 0.000010972 0.000000523 0.000000000
808 0.000008808 0.000000440 0.000000000
809 0.000009869 0.000000000 0.000000497
810 0.000008838 0.000000000 0.000000437
811 0.000008838 0.000000461 0.000000000
812 0.000009468 0.000000000 0.000000463
813 0.000011082 0.000000000 0.000000539
814 0.000011112 0.000000000 0.000000503
815 0.000011162 0.000000000 0.000000519
816 0.000008887 0.000000000 0.000000451
817 0.000008908 0.000000000 0.000000428
818 0.000008897 0.000000000 0.000000424
819 0.000008918 0.000000000 0.000000421
820 0.000008948 0.000000000 0.000000432
821 0.000011202 0.000000000 0.000000491
822 0.000011172 0.000000000 0.000000543
823 0.000011202 0.000000000 0.000000529
824 0.000008947 0.000000000 0.000000451
825 0.000009008 0.000000000 0.000000431
826 0.000008988 0.000000000 0.000000430
827 0.000011272 0.000000000 0.000000542
828 0.000011272 0.000000000 0.000000511
829 0.000011303 0.000000000 0.000000480
830 0.000009007 0.000000000 0.000000421
831 0.000009048 0.000000000 0.000000423
832 0.000011312 0.000000000 0.000000486
833 0.000009068 0.000000000 0.000000440
834 0.000009098 0.000000000 0.000000478
835 0.000009108 0.000000000 0.000000464
836 0.000009098 0.000000000 0.000000446
837 0.000009098 0.000000000 0.000000465
838 0.000009128 0.000000000 0.000000433
839 0.000009148 0.000000000 0.000000463
840 0.000012304 0.000000000 0.000000537
841 0.000011433 0.000000515 0.000000000
842 0.000009129 0.000000000 0.000000488
843 0.000012054 0.000000437 0.000000000
844 0.000009198 0.000000452 0.000000000
845 0.000009218 0.000000437 0.000000000
846 0.000012435 0.000000488 0.000000000
847 0.000009228 0.000000426 0.000000000
848 0.000010010 0.000000448 0.000000000
849 0.000011563 0.000000568 0.000000000
850 0.000011553 0.000000567 0.000000000
851 0.000009229 0.000000000 0.000000445
852 0.000009238 0.000000000 0.000000437
853 0.000009248 0.000000000 0.000000441
854 0.000009298 0.000000000 0.000000487
855 0.000009318 0.000000000 0.000000433
856 0.000009299 0.000000000 0.000000430
857 0.000011502 0.000000000 0.000000475
858 0.000009328 0.000000000 0.000000458
859 0.000010059 0.000000000 0.000000493
860 0.000011703 0.000000000 0.000000570
861 0.000009369 0.000000464 0.000000000
862 0.000009369 0.000000433 0.000000000
863 0.000011693 0.000000541 0.000000000
864 0.000009399 0.000000489 0.000000000
865 0.000013818 0.000000538 0.000000000
866 0.000009419 0.000000432 0.000000000
867 0.000009419 0.000000421 0.000000000
868 0.000009489 0.000000000 0.000000433
869 0.000009439 0.000000444 0.000000000
870 0.000009469 0.000000000 0.000000521
871 0.000009469 0.000000000 0.000000425
872 0.000009499 0.000000000 0.000000448
873 0.000009469 0.000000000 0.000000499
874 0.000010260 0.000000000 0.000000500
875 0.000009519 0.000000000 0.000000502
876 0.000011904 0.000000537 0.000000000
877 0.000009499 0.000000441 0.000000000
878 0.000009518 0.000000457 0.000000000
879 0.000011944 0.000000526 0.000000000
880 0.000009569 0.000000429 0.000000000
881 0.000011974 0.000000536 0.000000000
882 0.000009569 0.000000459 0.000000000
883 0.000011993 0.000000000 0.000000542
884 0.000009619 0.000000000 0.000000538
885 0.000009609 0.000000000 0.000000513
886 0.000011994 0.000000542 0.000000000
887 0.000009649 0.000000441 0.000000000
888 0.000009669 0.000000436 0.000000000
889 0.000009659 0.000000455 0.000000000
890 0.000009699 0.000000476 0.000000000
891 0.000009679 0.000000455 0.000000000
892 0.000012094 0.000000566 0.000000000
893 0.000013357 0.000000561 0.000000000
894 0.000009679 0.000000474 0.000000000
895 0.000012124 0.000000541 0.000000000
896 0.000009709 0.000000000 0.000000432
897 0.000009770 0.000000000 0.000000429
898 0.000009769 0.000000000 0.000000477
899 0.000009729 0.000000000 0.000000446
900 0.000013096 0.000000000 0.000000444
901 0.000009769 0.000000000 0.000000422
902 0.000009770 0.000000000 0.000000427
903 0.000009789 0.000000000 0.000000425
904 0.000012264 0.000000000 0.000000557
905 0.000009769 0.000000000 0.000000547
906 0.000009809 0.000000000 0.000000516
907 0.000009850 0.000000000 0.000000444
908 0.000009869 0.000000000 0.000000433
909 0.000009859 0.000000000 0.000000466
910 0.000009880 0.000000493 0.000000000
911 0.000009840 0.000000425 0.000000000
912 0.000009889 0.000000441 0.000000000
913 0.000012364 0.000000537 0.000000000
914 0.000009910 0.000000000 0.000000467
915 0.000009890 0.000000000 0.000000452
916 0.000018065 0.000000000 0.000000503
917 0.000009950 0.000000000 0.000000534
918 0.000011552 0.000000000 0.000000447
919 0.000012475 0.000000543 0.000000000
920 0.000010010 0.000000455 0.000000000
921 0.000012465 0.000000000 0.000000521
922 0.000010772 0.000000503 0.000000000
923 0.000012475 0.000000590 0.000000000
924 0.000010020 0.000000000 0.000000432
925 0.000010030 0.000000000 0.000000434
926 0.000010000 0.000000000 0.000000437
927 0.000010070 0.000000000 0.000000439
928 0.000010070 0.000000000 0.000000444
929 0.000012565 0.000000000 0.000000531
930 0.000010090 0.000000000 0.000000440
931 0.000010080 0.000000000 0.000000495
932 0.000010120 0.000000000 0.000000441
933 0.000010150 0.000000000 0.000000461
934 0.000010130 0.000000000 0.000000539
935 0.000045992 0.000000000 0.000000465
936 0.000010171 0.000000533 0.000000000
937 0.000010180 0.000000453 0.000000000
938 0.000010150 0.000000000 0.000000528
939 0.000010140 0.000000489 0.000000000
940 0.000010972 0.000000453 0.000000000
941 0.000010982 0.000000000 0.000000444
942 0.000014609 0.000000503 0.000000000
943 0.000012775 0.000000578 0.000000000
944 0.000012775 0.000000000 0.000000572
945 0.000010260 0.000000000 0.000000434
946 0.000012795 0.000000000 0.000000586
947 0.000010250 0.000000000 0.000000448
948 0.000010251 0.000000000 0.000000453
949 0.000010281 0.000000000 0.000000443
950 0.000011112 0.000000000 0.000000464
951 0.000011122 0.000000000 0.000000443
952 0.000010330 0.000000000 0.000000433
953 0.000013907 0.000000000 0.000000564
954 0.000010300 0.000000000 0.000000432
955 0.000010360 0.000000000 0.000000445
956 0.000010331 0.000000000 0.000000477
957 0.000010361 0.000000000 0.000000442
958 0.000010461 0.000000441 0.000000000
959 0.000013397 0.000000000 0.000000497
960 0.000010401 0.000000507 0.000000000
961 0.000010391 0.000000475 0.000000000
962 0.000014008 0.000000500 0.000000000
963 0.000010421 0.000000498 0.000000000
964 0.000010431 0.000000000 0.000000450
965 0.000010431 0.000000514 0.000000000
966 0.000010460 0.000000000 0.000000451
967 0.000013046 0.000000000 0.000000564
968 0.000010461 0.000000000 0.000000451
969 0.000013076 0.000000000 0.000000562
970 0.000010451 0.000000000 0.000000444
971 0.000010531 0.000000000 0.000000479
972 0.000010521 0.000000482 0.000000000
973 0.000010551 0.000000448 0.000000000
974 0.000010551 0.000000000 0.000000471
975 0.000010551 0.000000536 0.000000000
976 0.000010540 0.000000482 0.000000000
977 0.000010551 0.000000440 0.000000000
978 0.000010561 0.000000459 0.000000000
979 0.000010571 0.000000000 0.000000469
980 0.000010601 0.000000000 0.000000458
981 0.000013236 0.000000000 0.000000550
982 0.000010601 0.000000000 0.000000448
983 0.000010642 0.000000000 0.000000466
984 0.000022685 0.000000555 0.000000000
985 0.000010652 0.000000000 0.000000447
986 0.000013076 0.000000556 0.000000000
987 0.000010671 0.000000452 0.000000000
988 0.000010691 0.000000462 0.000000000
989 0.000010681 0.000000457 0.000000000
990 0.000010711 0.000000473 0.000000000
991 0.000010711 0.000000525 0.000000000
992 0.000010732 0.000000000 0.000000463
993 0.000012084 0.000000452 0.000000000
994 0.000010762 0.000000466 0.000000000
995 0.000011603 0.000000000 0.000000467
996 0.000010741 0.000000000 0.000000511
997 0.000010771 0.000000000 0.000000466
998 0.000010772 0.000000000 0.000000450
999 0.000011644 0.000000000 0.000000447
1000 0.000010801 0.000000000 0.000000443
1001 0.000010842 0.000000581 0.000000000
1002 0.000010832 0.000000470 0.000000000
1003 0.000010842 0.000000000 0.000000478
1004 0.000013547 0.000000550 0.000000000
1005 0.000013407 0.000000456 0.000000000
1006 0.000010861 0.000000472 0.000000000
1007 0.000013977 0.000000546 0.000000000
1008 0.000010862 0.000000512 0.000000000
1009 0.000010892 0.000000428 0.000000000
1010 0.000010882 0.000000000 0.000000436
1011 0.000010911 0.000000000 0.000000476
1012 0.000013717 0.000000000 0.000000552
1013 0.000010912 0.000000000 0.000000438
1014 0.000013687 0.000000000 0.000000567
1015 0.000010972 0.000000000 0.000000432
1016 0.000010982 0.000000000 0.000000437
1017 0.000010981 0.000000000 0.000000439
1018 0.000013718 0.000000000 0.000000576
1019 0.000013718 0.000000539 0.000000000
1020 0.000011031 0.000000456 0.000000000
1021 0.000011011 0.000000000 0.000000601
1022 0.000011062 0.000000462 0.000000000
1023 0.000011052 0.000000481 0.000000000
1024 0.000011032 0.000000443 0.000000000
1025 0.000011052 0.000000443 0.000000000
1026 0.000011072 0.000000546 0.000000000
1027 0.000013837 0.000000503 0.000000000
1028 0.000011092 0.000000445 0.000000000
1029 0.000011072 0.000000454 0.000000000
1030 0.000016142 0.000000588 0.000000000
1031 0.000011142 0.000000000 0.000000468
1032 0.000011132 0.000000487 0.000000000
1033 0.000011162 0.000000000 0.000000440
1034 0.000011102 0.000000000 0.000000443
1035 0.000011162 0.000000000 0.000000479
1036 0.000011212 0.000000000 0.000000460
1037 0.000011172 0.000000000 0.000000456
1038 0.000011172 0.000000000 0.000000451
1039 0.000014008 0.000000000 0.000000548
1040 0.000012084 0.000000459 0.000000000
1041 0.000014038 0.000000540 0.000000000
1042 0.000011233 0.000000531 0.000000000
1043 0.000014038 0.000000538 0.000000000
1044 0.000011252 0.000000478 0.000000000
1045 0.000011313 0.000000000 0.000000451
1046 0.000011273 0.000000000 0.000000462
1047 0.000012174 0.000000000 0.000000448
1048 0.000011312 0.000000000 0.000000433
1049 0.000011282 0.000000000 0.000000442
1050 0.000014138 0.000000000 0.000000486
1051 0.000011333 0.000000000 0.000000434
1052 0.000011312 0.000000000 0.000000453
1053 0.000012244 0.000000000 0.000000432
1054 0.000011353 0.000000000 0.000000542
1055 0.000011353 0.000000000 0.000000446
1056 0.000011352 0.000000000 0.000000479
1057 0.000011423 0.000000000 0.000000483
1058 0.000011383 0.000000000 0.000000510
1059 0.000011423 0.000000000 0.000000487
1060 0.000011402 0.000000000 0.000000522
1061 0.000014339 0.000000000 0.000000566
1062 0.000023437 0.000000553 0.000000000
1063 0.000014309 0.000000508 0.000000000
1064 0.000011463 0.000000440 0.000000000
1065 0.000011503 0.000000460 0.000000000
1066 0.000011492 0.000000459 0.000000000
1067 0.000011482 0.000000432 0.000000000
1068 0.000011512 0.000000438 0.000000000
1069 0.000011533 0.000000446 0.000000000
1070 0.000014448 0.000000548 0.000000000
1071 0.000011533 0.000000467 0.000000000
1072 0.000011543 0.000000000 0.000000435
1073 0.000014419 0.000000000 0.000000534
1074 0.000011543 0.000000000 0.000000433
1075 0.000011573 0.000000000 0.000000428
1076 0.000014509 0.000000000 0.000000556
1077 0.000011593 0.000000000 0.000000462
1078 0.000011613 0.000000458 0.000000000
1079 0.000011633 0.000000467 0.000000000
1080 0.000014478 0.000000555 0.000000000
1081 0.000011643 0.000000000 0.000000543
1082 0.000011623 0.000000000 0.000000438
1083 0.000011664 0.000000000 0.000000434
1084 0.000011653 0.000000000 0.000000544
1085 0.000011653 0.000000000 0.000000443
1086 0.000011653 0.000000000 0.000000469
1087 0.000011693 0.000000000 0.000000450
1088 0.000013577 0.000000000 0.000000464
1089 0.000011713 0.000000000 0.000000464
1090 0.000011713 0.000000000 0.000000444
1091 0.000011754 0.000000000 0.000000451
1092 0.000011764 0.000000000 0.000000443
1093 0.000011773 0.000000000 0.000000438
1094 0.000011773 0.000000000 0.000000436
1095 0.000011773 0.000000561 0.000000000
1096 0.000011814 0.000000460 0.000000000
1097 0.000014739 0.000000489 0.000000000
1098 0.000011823 0.000000435 0.000000000
1099 0.000011813 0.000000000 0.000000474
1100 0.000015691 0.000000000 0.000000446
1101 0.000012765 0.000000472 0.000000000
1102 0.000011834 0.000000000 0.000000454
1103 0.000012805 0.000000000 0.000000450
1104 0.000011894 0.000000000 0.000000468
1105 0.000016032 0.000000548 0.000000000
1106 0.000011903 0.000000000 0.000000445
1107 0.000011924 0.000000000 0.000000477
1108 0.000014880 0.000000000 0.000000467
1109 0.000011963 0.000000000 0.000000441
1110 0.000011933 0.000000000 0.000000441
1111 0.000011944 0.000000000 0.000000434
1112 0.000011964 0.000000000 0.000000447
1113 0.000012935 0.000000000 0.000000434
1114 0.000012004 0.000000000 0.000000446
1115 0.000011984 0.000000000 0.000000464
1116 0.000012956 0.000000000 0.000000443
1117 0.000011994 0.000000000 0.000000459
1118 0.000012004 0.000000000 0.000000440
1119 0.000012033 0.000000000 0.000000457
1120 0.000012064 0.000000640 0.000000000
1121 0.000015110 0.000000550 0.000000000
1122 0.000012064 0.000000480 0.000000000
1123 0.000012084 0.000000494 0.000000000
1124 0.000012104 0.000000445 0.000000000
1125 0.000012134 0.000000000 0.000000459
1126 0.000015090 0.000000000 0.000000565
1127 0.000012104 0.000000000 0.000000438
1128 0.000012125 0.000000000 0.000000466
1129 0.000012134 0.000000000 0.000000488
1130 0.000015150 0.000000000 0.000000487
1131 0.000012165 0.000000000 0.000000437
1132 0.000012154 0.000000000 0.000000470
1133 0.000012195 0.000000488 0.000000000
1134 0.000015240 0.000000537 0.000000000
1135 0.000012184 0.000000452 0.000000000
1136 0.000012214 0.000000000 0.000000477
1137 0.000012205 0.000000000 0.000000467
1138 0.000012234 0.000000000 0.000000458
1139 0.000013647 0.000000000 0.000000433
1140 0.000012224 0.000000000 0.000000511
1141 0.000012234 0.000000000 0.000000460
1142 0.000014288 0.000000000 0.000000452
1143 0.000012384 0.000000441 0.000000000
1144 0.000012284 0.000000000 0.000000454
1145 0.000012294 0.000000000 0.000000449
1146 0.000012364 0.000000437 0.000000000
1147 0.000012294 0.000000440 0.000000000
1148 0.000012355 0.000000000 0.000000442
1149 0.000013347 0.000000000 0.000000440
1150 0.000012354 0.000000499 0.000000000
1151 0.000012365 0.000000542 0.000000000
1152 0.000012385 0.000000486 0.000000000
1153 0.000012414 0.000000465 0.000000000
1154 0.000017164 0.000000542 0.000000000
1155 0.000012394 0.000000440 0.000000000
1156 0.000012414 0.000000521 0.000000000
1157 0.000016814 0.000000576 0.000000000
1158 0.000015520 0.000000572 0.000000000
1159 0.000012435 0.000000000 0.000000449
1160 0.000015581 0.000000000 0.000000570
1161 0.000012505 0.000000000 0.000000439
1162 0.000012475 0.000000000 0.000000463
1163 0.000013477 0.000000000 0.000000529
1164 0.000012465 0.000000000 0.000000432
1165 0.000012534 0.000000000 0.000000432
1166 0.000012544 0.000000000 0.000000431
1167 0.000012514 0.000000000 0.000000443
1168 0.000012525 0.000000000 0.000000528
1169 0.000021493 0.000000451 0.000000000
1170 0.000012565 0.000000473 0.000000000
1171 0.000012595 0.000000465 0.000000000
1172 0.000012575 0.000000446 0.000000000
1173 0.000015711 0.000000485 0.000000000
1174 0.000012595 0.000000463 0.000000000
1175 0.000012615 0.000000000 0.000000466
1176 0.000014208 0.000000470 0.000000000
1177 0.000019098 0.000000544 0.000000000
1178 0.000015752 0.000000577 0.000000000
1179 0.000012676 0.000000000 0.000000448
1180 0.000013657 0.000000000 0.000000442
1181 0.000015811 0.000000000 0.000000552
1182 0.000012685 0.000000000 0.000000468
1183 0.000012755 0.000000439 0.000000000
1184 0.000012675 0.000000504 0.000000000
1185 0.000012705 0.000000482 0.000000000
1186 0.000012725 0.000000461 0.000000000
1187 0.000012716 0.000000508 0.000000000
1188 0.000012735 0.000000000 0.000000455
1189 0.000015931 0.000000561 0.000000000
1190 0.000012745 0.000000000 0.000000467
1191 0.000015962 0.000000603 0.000000000
1192 0.000015982 0.000000000 0.000000556
1193 0.000012796 0.000000000 0.000000445
1194 0.000016042 0.000000457 0.000000000
1195 0.000012846 0.000000000 0.000000435
1196 0.000012815 0.000000000 0.000000430
1197 0.000013857 0.000000000 0.000000436
1198 0.000012825 0.000000513 0.000000000
1199 0.000012885 0.000000466 0.000000000
1200 0.000013988 0.000000465 0.000000000
